TEMPS	VO2	VCO2	FR	VT
6	113.513544098919	86.1238011166676	11.15241636	1.498357264
10	742.038177849803	547.837614325058	15.07537688	1.376979105
11	227.004026327146	100.089989782126	54.05405405	0.263156007
13	733.938903822842	536.16657574234	30.6122449	0.818027587
16	0	137.827345558003	23.16602317	0.366174444
18	87.2355346795661	42.8597211887041	36.14457831	0.232556471
19	0	0	36.36363636	0.091798607
21	1843.16570807709	1139.47387284333	33.14917127	1.301500251
23	1943.3309446732	1395.44992639171	24.48979592	2.378603906
24	0	0	63.15789474	0.127498065
28	766.922727919399	596.769510954242	18.51851852	1.465717759
30	509.503123179102	368.829238796293	26.66666667	0.708889243
31	638.7816277476	448.902474281239	40	0.677269723
33	464.663315787169	325.955361803299	43.79562044	0.519172122
34	1232.45666126184	853.257073221652	45.80152672	0.911866163
35	944.363658235363	636.079482584619	48.7804878	0.682369646
37	924.809701484633	680.34964793289	28.98550725	1.104643238
39	1171.70096844506	930.532457093587	36.36363636	1.251521009
40	362.549783683377	215.175223754476	48.7804878	0.395753995
41	0	0	78.94736842	0.075478855
43	310.25782471805	166.246343726165	35.71428571	0.40595384
44	420.765975820711	288.737606157112	35.50295858	0.517132153
46	70.0923231867727	5.59799960818991	39.73509934	0.157077616
48	41.1724630678379	15.7004087070036	27.39726027	0.218276688
51	182.23673391869	96.8847692403899	24.69135802	0.337614877
54	952.695481283389	574.237468031334	17.49271137	1.164822325
57	851.135949553889	514.772869313931	21.05263158	1.108723176
59	1223.47622911436	817.690197581187	24	1.482037511
63	821.547647032713	561.101363712518	14.28571429	1.816592435
68	376.478646437317	244.933477243993	12.95896328	0.987345018
73	765.856230416597	544.252697998476	12.98701299	1.778853007
76	475.854717980865	300.633933663471	19.35483871	0.7578485
79	820.714287350426	535.13897139004	17.59530792	1.192361907
83	795.02516495039	491.113970518718	17.39130435	0.959805436
84	1505.70836382518	818.952494652472	46.15384615	0.809867711
85	1273.35749650539	733.70194833048	41.95804196	0.879226658
87	1177.80322615314	835.912322959021	31.91489362	1.286200483
89	1337.28420079944	974.114947112423	29.12621359	1.645235035
91	995.842838108926	784.046520676504	32.60869565	1.269880731
93	749.894835332816	554.283100559969	36.58536585	0.851687076
94	656.794032623575	437.58474188921	45.11278195	0.615050667
95	550.546046062781	402.832023130915	46.15384615	0.515092184
97	863.203899014078	655.190581952704	41.37931034	0.787428051
98	1148.35494482923	823.061662665581	39.47368421	0.993464925
100	1449.37391992804	1068.43722396692	33.70786517	1.375959121
102	1071.49915725451	842.017865814053	34.68208092	1.19542186
104	824.93467679742	629.304934948099	34.88372093	0.935325807
106	744.794369792275	566.067193404858	32.0855615	0.975105204
108	674.2199632607	490.206349470002	24.29149798	1.041404197
110	1587.03801914103	1192.19769399286	38.70967742	1.35555943
114	511.388292496362	594.571720610036	12.63157895	2.032829153
116	1427.87862233977	959.103324420816	38.96103896	1.053644012
118	1062.65013977919	775.035516753857	26.78571429	1.236221241
119	770.833938677342	431.13374981921	66.66666667	0.465112942
121	1461.19156719255	1029.25808959079	37.26708075	1.326999864
122	976.628596589055	692.929739113082	52.17391304	0.763968407
123	1090.16262677071	666.711844126561	55.04587156	0.673189785
124	793.791031462171	524.782256031405	40.81632653	0.687469568
125	466.688680275456	187.800934042205	82.19178082	0.280495744
126	654.564005571903	413.537196576305	54.05405405	0.471232849
127	1362.26759280557	849.389369076973	46.15384615	0.824147494
129	782.323490313186	518.824742600709	44.44444444	0.686449584
130	634.895278211758	378.142782966362	44.7761194	0.499792416
131	249.055678324542	198.676695172995	46.15384615	0.354954614
132	1304.56032354732	733.167092248258	68.96551724	0.495712478
134	2551.14523316602	1577.31955042361	43.79562044	1.273960669
136	550.734431385552	521.23451945852	22.81368821	0.877186689
138	37.3550125792614	0	38.46153846	0.16013757
140	839.494026700338	422.026003089559	29.41176471	0.649730141
141	985.914881027746	511.390238836294	42.25352113	0.604850822
143	815.035987358527	379.293816174446	46.15384615	0.467152911
145	1140.49690789116	615.243690762694	26.31578947	0.948585606
146	320.150638764215	96.4555283028688	40	0.273355852
148	888.864822913516	440.425621791137	39.21568627	0.552831611
151	947.195256284669	541.988810671873	20.54794521	0.938385761
152	2179.39126675417	1251.03952529602	41.66666667	1.254580963
154	1477.61259244936	1006.03765822816	35.50295858	1.372899167
155	1310.13215381628	817.268449611141	47.61904762	0.860866937
156	79.925739352458	113.524804011637	65.93406593	0.304975372
157	119.34881212586	68.2720063227913	52.17391304	0.237656394
160	2054.958783439	1384.86718434611	24.69135802	2.074648519
161	886.122338487868	493.421476744475	54.05405405	0.499792416
162	0	0	67.41573034	0.120358174
164	453.430638814389	303.138252965707	31.74603175	0.473272818
165	894.355807469472	525.978968007483	36.14457831	0.653810079
167	1321.49206500181	813.978185603113	45.45454545	0.76906833
168	1454.3317528193	815.758698673805	37.26708075	0.934305823
170	1374.13556890537	769.837248904235	42.85714286	0.947565621
171	1540.84775331739	984.280489265782	36.58536585	1.153602495
173	1240.85732249695	786.938761186201	40.26845638	0.936345792
174	1147.99714566766	681.794868335662	41.37931034	0.829247417
176	931.83708877764	609.194616707104	40.26845638	0.772128284
177	977.356843513237	631.468101859572	43.47826087	0.782328129
179	1169.35051630265	785.755823777422	39.21568627	1.052624027
180	771.207443703663	557.136153661209	37.03703704	0.890446488
182	1005.61262632136	728.567044432814	36.36363636	1.081183594
184	1157.98366745162	812.077838283888	35.50295858	1.259680885
185	293.352693372874	265.998848699321	52.17391304	0.481432695
186	1396.27866850609	1048.43393651202	41.66666667	1.219901489
188	1341.17044343755	1093.75553716211	34.28571429	1.643195066
191	1008.29117813717	804.924981055321	20.97902098	1.544256567
193	837.67419586711	677.128270131864	22.55639098	1.200521783
195	916.29501308228	725.394545402501	45.45454545	0.904726271
196	1064.35773367778	650.368147424085	57.14285714	0.690529522
197	929.097025076397	717.156299990166	54.54545455	0.768048345
198	965.235940843198	757.834644414137	43.16546763	0.912886148
199	520.261816718846	295.264584229208	84.50704225	0.298855465
200	1435.69161635081	1088.70498139916	41.66666667	1.199501798
202	1145.6501178782	843.34198863134	44.44444444	1.047524105
203	1634.63212897766	1139.72610539081	49.58677686	1.084243547
204	1314.9713132633	956.772805482597	40.26845638	1.107703191
206	1218.50919291531	887.978303321825	48	0.870046798
207	1160.41225729798	840.01428102268	51.72413793	0.791507989
208	1392.00363376567	880.815413719948	49.58677686	0.841487231
209	1442.48330386631	947.557902086758	49.18032787	0.892486457
211	1765.84053300102	1184.52950222205	42.55319149	1.19542186
212	1807.21344337387	1273.25697792652	45.11278195	1.22908135
214	1955.11716686277	1282.88011690035	37.26708075	1.475917604
215	1218.1143690316	804.569982415777	44.11764706	0.914926117
217	2037.32838677825	1368.53729059834	40.81632653	1.416758502
218	1857.85138417478	1231.22178233537	38.21656051	1.410638595
220	1360.53564190993	1012.27279837455	36.36363636	1.266820777
221	1705.45154124737	1111.36775491949	48.7804878	1.047524105
222	1270.53066734722	880.013962214352	40.81632653	1.030184368
224	2003.57079563431	1359.83439015713	43.79562044	1.357599399
225	1688.53628003147	1198.7986888941	38.21656051	1.470817681
227	1605.49446505292	1083.40902864591	50.42016807	1.047524105
228	1540.29507919821	1100.47134899088	37.26708075	1.416758502
229	1428.71741482651	941.780600053608	50	0.952665544
231	1367.07571473463	961.180139728361	48.38709677	0.975105204
232	1468.95882090941	1034.64465492646	41.09589041	1.156662449
233	1301.6286911238	870.185704268777	54.54545455	0.834347339
234	1346.56395091571	859.423002895625	54.05405405	0.813947649
236	869.306454054013	546.480212101068	27.27272727	0.784368098
238	1943.02414818174	1247.54575300631	51.72413793	1.129122866
239	1620.12198743945	1055.02540454942	56.07476636	1.051604043
240	1823.90137037388	1319.83553194912	46.875	1.309660127
241	1432.86271473306	909.183091844199	55.55555556	0.844547185
242	1715.4435670821	1103.30491539955	50.84745763	1.021004507
243	1399.87917409143	881.301499089094	57.69230769	0.790488005
244	1639.05396137348	1071.3733288784	53.09734513	0.939405745
246	1659.23484319639	1059.68587027723	54.54545455	0.927165931
247	1900.6213033003	1140.06169806491	53.09734513	0.986325033
248	2140.89837962889	1328.94686238776	48.7804878	1.097503346
248	225.566538979448	0	109.0909091	0.084658715
250	1480.75862565711	914.522067962069	46.15384615	0.90880621
251	1428.14834481366	847.035399372732	35.92814371	1.006724724
253	1193.34887183245	746.608134412041	45.11278195	0.83230737
254	1991.88523458497	1167.82636591789	49.18032787	1.088323486
255	1541.07668309924	884.712547241942	52.17391304	0.85474703
256	1784.29627815707	964.351834595749	53.57142857	0.850667092
257	1819.33946383829	1108.98931133702	51.72413793	0.96082542
259	1780.82684660816	980.856195481784	52.63157895	0.850667092
260	1612.03333502629	922.622294736056	54.05405405	0.790488005
261	1492.86920740747	905.73989351409	57.69230769	0.76906833
262	1435.22431727129	762.318230237449	55.55555556	0.691549506
262	1659.75146857278	987.940313059054	93.75	0.483472664
263	1823.9169767091	989.269198756344	56.60377358	0.781308144
265	1836.11194402379	1051.96119975933	48.7804878	0.976125188
266	2266.13728265145	1335.57760933988	53.57142857	1.029164383
266	1089.15177439583	551.881776757107	90.90909091	0.406973824
268	1699.26770814335	972.919253258383	36.14457831	1.186242
269	1984.03728319637	1130.89511354128	44.11764706	1.193381891
271	1452.19417186832	823.690624933023	49.18032787	0.809867711
272	1951.78685292424	1125.03878415947	57.69230769	0.891466473
273	1297.30354890539	788.097205184477	57.69230769	0.699709382
274	2212.43811619709	1260.28066147714	49.18032787	1.092403424
275	1975.73552599847	1122.86199322591	51.72413793	0.970005281
276	1922.16577238595	1068.83519602655	51.28205128	0.96082542
277	2672.05957679177	1560.00025080604	53.57142857	1.166862294
278	575.403162664408	329.940330817776	88.23529412	0.33149497
279	0	0	74.07407407	0.150957709
281	1063.14289132863	616.099253870128	27.90697674	0.743568717
282	2022.5768644565	1235.83609151134	46.15384615	1.069963764
284	2042.58053728891	1149.03605788633	44.11764706	1.127082897
285	2247.33850505393	1254.88111755408	48	1.08934347
286	2015.15352701838	1106.29691462621	54.05405405	0.883306596
287	2419.47607027756	1275.95660710663	51.28205128	1.024064461
288	1978.1181606772	1079.61826820821	54.05405405	0.874126736
290	1608.35703010151	943.833977936303	52.17391304	0.80068785
291	2405.1083628867	1377.01077641785	48.38709677	1.116883052
291	49.06772637019	114.825849116575	122.4489796	0.14891774
292	367.780037551855	221.978437059274	86.95652174	0.287635635
292	0	0	136.3636364	0.104038421
294	1479.32807003953	829.398436582684	53.57142857	0.695629444
295	2192.71990945937	1109.73249986667	52.17391304	0.855767014
296	1897.72544263766	1098.52281698525	43.79562044	1.028144399
297	615.996301796174	137.760644573137	78.94736842	0.26621596
298	2057.13810073554	999.025041221996	48.38709677	0.864946875
299	1982.18051269736	998.781668850009	53.09734513	0.827207448
300	2492.18639934519	1349.09849483092	46.875	1.137282743
302	2222.76762247708	1188.24158679729	51.28205128	0.974085219
303	2148.1615810056	1195.60518993847	49.18032787	1.064863842
304	2031.38344526131	1171.4324920335	55.04587156	0.946545637
305	2217.62449887983	1257.12104088345	50.84745763	1.043444167
306	2324.24485591675	1289.75816964366	52.63157895	1.015904584
307	1741.06259989806	1021.2697735685	54.54545455	0.887386535
308	2286.0823489523	1402.15108041437	55.55555556	1.038344244
310	1542.54438228437	920.206492205369	45.45454545	0.847607138
311	1972.28801152874	1195.13245483291	53.57142857	0.968985296
312	1733.9464421992	1132.38722466396	48.7804878	1.113823099
314	2384.13793400531	1509.3873516231	42.85714286	1.48407748
315	1951.68010654705	1259.81507191005	50	1.088323486
316	1861.14860964114	1225.42991838586	43.47826087	1.242341148
317	1389.78427480508	866.403945833059	44.7761194	0.927165931
319	2413.50733665468	1495.81601742694	42.55319149	1.387178951
320	1587.81561105321	1021.32522074463	45.80152672	0.965925343
322	2098.6284165757	1377.72411185006	38.96103896	1.359639369
323	1613.7363850472	1073.94460437684	40.26845638	1.04650412
325	1152.89201147665	739.043593628839	37.97468354	0.887386535
326	1806.59535210619	1093.5261714618	42.55319149	1.056703965
327	1853.43341872981	1189.06294302014	50.84745763	0.985305049
329	1674.16819157658	1052.6622113438	50.84745763	0.936345792
330	2010.05716393306	1130.38804279508	51.28205128	0.90880621
331	1415.72578480709	840.025879325573	46.15384615	0.83230737
332	2057.15772574726	1263.5797983058	45.45454545	1.074043702
333	1987.06768630361	1146.97744455724	53.09734513	0.892486457
335	2229.24697316001	1305.92618074241	51.72413793	0.988365002
335	284.126919386099	189.868578749051	95.23809524	0.273355852
336	1057.1268745848	635.985280379519	58.25242718	0.576291255
338	2165.88578819304	1278.07204051411	46.15384615	1.048544089
339	1878.08211459688	1075.51906294492	49.58677686	0.916966086
340	2656.18335327578	1558.34498281998	35.71428571	1.637075159
343	1279.17967023216	746.301125089145	27.52293578	0.927165931
344	2406.8541908607	1345.23916890042	43.79562044	1.276000638
345	1925.45473480026	1210.1977109832	42.25352113	1.252540994
347	2210.79867428305	1395.28152264401	43.16546763	1.348419539
348	1774.96756130745	1055.55555863623	48.7804878	0.98326508
349	1938.52894355202	1174.0419847028	41.37931034	1.137282743
351	1857.40088439528	1188.46906355335	49.58677686	1.019984523
352	2076.22288481214	1195.80423854658	50.42016807	0.978165157
353	1598.08991913259	1020.50713574017	51.28205128	0.863926891
354	1752.95268921182	963.674587074461	50.84745763	0.820067556
355	1618.13620117193	972.874097530088	48.7804878	0.842507216
357	1745.16619378125	1044.73691969094	45.80152672	0.914926117
358	1962.80579558755	1138.21706785248	52.63157895	0.873106751
359	1776.63549186055	1122.38162015034	50.42016807	0.945525652
360	2175.75351691719	1246.14748269658	52.17391304	0.970005281
361	1886.19875334149	1141.92132683384	50	0.966945327
363	2392.7026136418	1417.88218069695	37.97468354	1.359639369
364	359.262199376034	239.882072615468	100	0.240716347
365	1747.92818578672	1019.03239850724	48.7804878	0.874126736
366	2069.07264589253	1226.72111089303	37.5	1.268860746
368	1922.01192685631	1057.54035314879	43.16546763	1.028144399
369	1985.13648339983	1212.2732699788	41.37931034	1.113823099
370	1277.1581009393	662.395470230234	75.94936709	0.474292803
372	2263.38756656955	1401.8849047583	38.70967742	1.436138208
373	2201.70863811977	1365.09571265471	48.38709677	1.201541768
374	1983.75276235508	1212.94038234582	43.79562044	1.127082897
376	1903.54368601529	1126.70453546723	46.875	1.012844631
377	1970.35105854919	1174.70096583565	50.42016807	0.955725498
378	1708.54792420262	1087.39645548975	53.57142857	0.863926891
379	1815.77002921877	1189.13547463535	50.42016807	0.975105204
380	2672.69896547811	1618.96038103862	52.63157895	1.141362681
381	1620.96853115751	1018.87901906462	59.40594059	0.78946802
382	2297.23870658238	1397.78854335234	52.63157895	1.056703965
384	1999.24278674654	1254.80080800881	45.80152672	1.116883052
385	1833.20783344063	1167.14313657982	51.72413793	1.025084445
386	2103.56183566334	1320.12797967841	46.875	1.201541768
387	2067.13300195365	1286.60947051927	50	1.075063687
388	1178.26653404684	776.835086400414	89.55223881	0.49163254
389	155.436788018916	60.616892363863	100	0.176457322
390	1765.09550650759	1117.84528159518	47.24409449	0.98326508
391	2216.13511607408	1433.31130627147	48.7804878	1.169922247
392	1949.86158469677	1287.29935489153	51.72413793	1.074043702
393	1923.19616753252	1274.98632358465	49.58677686	1.051604043
394	1894.46027387625	1118.19252721905	56.07476636	0.883306596
396	1938.00639779251	1189.91977819422	53.09734513	0.9292059
397	2109.88577456541	1207.15173048609	54.05405405	0.937365776
398	1891.05704143449	1148.72178947385	51.72413793	0.933285838
399	1658.86721587135	1135.04532356653	52.17391304	0.974085219
400	2181.92483749095	1428.85084187009	46.15384615	1.15258251
401	1221.98117996933	753.493883102225	61.8556701	0.611990714
404	1161.77517387879	747.308386337315	22.55639098	1.019984523
405	2647.68478097196	1555.61723636568	44.11764706	1.248461056
407	2452.00493554218	1488.30644931332	41.66666667	1.325979879
408	2402.19583421535	1438.38632108218	45.80152672	1.23826121
409	1911.97586203183	1130.84807013734	48.38709677	0.989384987
411	1922.97356700189	1325.79296785464	44.7761194	1.208681659
412	2162.95914890436	1403.82713382662	43.16546763	1.294360359
413	2116.09092158504	1321.13569090379	44.11764706	1.253560978
415	2042.09202906197	1293.5728376729	45.80152672	1.140342696
416	2134.34778486184	1342.60975408474	46.875	1.11178313
417	1596.9703367665	1058.40450157474	53.57142857	0.895546411
418	1752.71489325075	1111.1110751119	52.17391304	0.887386535
419	3206.93386204469	1983.76059538058	50.42016807	1.414718533
421	2142.1557671871	1328.10621114055	54.54545455	1.027124414
422	1609.93478084323	1006.64279286936	53.57142857	0.855767014
423	1645.47207712889	1110.19672317232	52.17391304	0.946545637
424	1884.90554925852	1194.17747973608	51.28205128	1.053644012
425	1434.890869384	870.316451346006	40.81632653	0.877186689
427	2303.12844969691	1482.74907738453	45.80152672	1.227041381
428	1892.15857737336	1205.55637817162	53.09734513	0.933285838
429	2202.00005178889	1333.3744617238	40.54054054	1.267840761
432	1527.64236052619	991.657120259345	23.71541502	1.250501025
433	3320.26250486877	1954.86952385919	50.42016807	1.383099013
434	1755.39750668727	1131.72589591132	51.72413793	0.914926117
435	1918.48070275438	1114.44999646527	51.28205128	0.883306596
437	1957.76247961104	1231.19723587875	48.7804878	1.024064461
438	2074.61218520532	1266.70456017676	48.7804878	1.047524105
439	1806.31543267722	1254.76116306225	50	1.084243547
440	2052.97303236932	1316.76582133331	46.51162791	1.127082897
441	1516.3115654154	977.700126421763	56.07476636	0.822107525
443	1598.52768358904	987.598165441727	50.84745763	0.859846952
444	1989.4993111911	1174.60798798756	51.72413793	1.010804662
445	2059.55242022159	1301.77045486883	43.79562044	1.231121319
447	1890.63407029553	1229.85482869644	42.85714286	1.097503346
448	2075.71107713078	1244.89193734207	52.63157895	0.974085219
449	2051.53884046219	1180.17113532552	53.57142857	0.975105204
450	2121.04522363405	1334.4763780521	50.84745763	1.04650412
451	1933.89254901021	1251.19568226198	53.57142857	0.973065234
452	2356.43579765212	1469.9711532177	53.09734513	1.083223563
453	1568.59696891748	1007.71246530102	52.17391304	0.885346566
455	2027.87433349854	1183.59259379045	50	0.975105204
456	2282.44767841907	1393.49330941329	47.61904762	1.164822325
457	1965.46839617106	1277.8125697946	45.45454545	1.177062139
458	1004.81109992429	578.810851268265	49.18032787	0.624230528
460	1908.79288470903	1088.1260193504	41.95804196	1.040384213
461	1830.22278238411	1101.61587113004	47.61904762	0.973065234
462	2212.31823694669	1356.64686693069	51.72413793	1.030184368
463	2121.16453237696	1322.62541789735	51.72413793	1.033244321
465	2355.47610073274	1410.19275054196	50	1.092403424
466	2085.02584120683	1243.1761849327	51.72413793	0.974085219
467	2072.52516332422	1134.65369037063	51.28205128	0.909826194
468	1645.34795887501	988.80492456313	50.42016807	0.850667092
469	2183.06522729064	1222.42327051297	50.42016807	0.965925343
470	2753.60940526243	1676.0014006757	52.17391304	1.192361907
472	2100.18835759925	1245.21845512173	50.84745763	1.005704739
473	2034.79702750966	1238.76210317524	43.16546763	1.180122093
474	1619.47945705552	1045.80650737174	44.44444444	1.022024492
476	2264.35028494719	1500.984490823	43.16546763	1.316800019
477	1348.5080670871	1090.07967350244	45.45454545	0.979185142
479	2110.05289779639	1378.04523736536	40	1.297420313
480	1893.16549468258	1191.26709709907	50	1.063843857
481	2185.32082167642	1318.45752890069	51.72413793	1.079143625
482	2235.12931012459	1405.76377773037	50.84745763	1.065883826
483	2180.35910073532	1377.1748657509	52.63157895	1.050584058
484	2154.60217865526	1234.18542444255	52.63157895	0.965925343
486	1747.36820069088	1120.07235619108	50	0.937365776
487	1841.05010596099	1164.94228242309	54.05405405	0.891466473
488	1712.62460601378	987.892560054671	58.25242718	0.740508763
489	2980.40392164578	1891.35389034224	49.58677686	1.353519461
490	1702.79461861812	1034.08575731066	57.69230769	0.817007603
491	2117.83440925191	1260.03988255936	48.7804878	1.061803888
493	2284.08088682334	1577.28496204001	46.15384615	1.387178951
495	1333.43369558716	944.303415966994	24.69135802	1.208681659
496	2118.81361235466	1423.9354564241	46.875	1.209701644
498	2416.96151519045	1566.08070961262	45.11278195	1.338219694
499	2318.83305253501	1494.33531074949	43.16546763	1.359639369
500	2410.4321170312	1616.13277282388	44.11764706	1.424918378
502	1704.55816792623	1159.37679224806	41.95804196	1.151562526
503	2151.97842679145	1401.2874730417	43.47826087	1.288240452
504	1564.65689168479	1048.38214057344	53.09734513	0.856786999
506	1907.1280744887	1235.09878039574	40.26845638	1.216841535
507	1556.04069575224	1037.72314301426	49.58677686	0.873106751
508	2039.77202665439	1329.59775454469	49.58677686	1.05772395
510	1771.65305160205	1153.86194370052	44.7761194	1.038344244
511	2174.52180865314	1510.48183929973	40	1.424918378
512	1429.31267376402	966.940755415162	46.875	0.919006055
514	1820.59193177774	1178.93798060509	44.7761194	1.065883826
515	2147.05493916654	1250.93712263701	50.42016807	0.982245095
516	1883.57136609837	1202.28743595245	49.18032787	1.037324259
517	2006.45606832314	1204.82689231823	57.69230769	0.874126736
518	2051.12043381377	1223.73392718057	54.05405405	0.9292059
519	1636.97105679173	971.788288973788	53.09734513	0.817007603
520	2030.79971835617	1218.73215940005	53.09734513	0.95164556
522	1680.54271492512	972.091523443426	53.09734513	0.813947649
523	1787.49181714529	1060.32909635106	53.57142857	0.85474703
524	1879.58375000036	1180.49772032949	53.57142857	0.878206674
525	2083.37373287667	1210.10314631826	51.28205128	0.95164556
526	2178.31937208845	1196.53681639968	50.42016807	0.974085219
527	1889.87703732472	1102.11761275319	49.58677686	0.901666318
529	1654.08929021432	1018.18080558059	44.7761194	0.9292059
530	1813.63630300974	1123.92716087979	50.42016807	0.89758638
531	1956.89475089942	1214.64805225356	45.11278195	1.023044476
534	1634.34525383	1037.40777512349	23.80952381	1.265800792
535	2522.02682704369	1493.86253307051	42.85714286	1.225001412
536	1999.02750995643	1202.05320024798	48.38709677	0.933285838
538	1796.47954730944	1124.52447114848	44.7761194	0.975105204
539	2301.05784767448	1448.37752136788	39.73509934	1.315780034
541	2163.50021295335	1244.37856173445	36.80981595	1.199501798
542	1122.89808918137	1073.90529698092	40.81632653	1.047524105
544	2186.68274798162	1439.3898719621	42.85714286	1.256620932
545	2077.95349380224	1252.53185216896	41.95804196	1.147482588
547	1951.99036473848	1222.89671394656	35.71428571	1.212761597
548	1900.54355599022	1163.63473307811	50	0.933285838
549	1962.29081152961	1207.04021135159	50	0.934305823
551	2161.24907630655	1275.12154371892	46.51162791	1.060783903
552	1906.7371271804	1211.09048801483	48.7804878	1.05772395
554	2327.54215365364	1518.43029722109	35.50295858	1.689094369
555	1565.73073404304	1002.47896535521	41.37931034	1.115863068
558	1334.37437576517	964.261231022767	22.1402214	1.501417217
559	1738.88483810827	1318.53656978776	36.14457831	1.457557883
561	1461.54498543893	1021.5514164408	40	1.136262758
562	735.062595667248	571.942587227185	48.38709677	0.654830063
564	1392.31602546315	1000.89313160893	40	1.131162835
565	1092.91812268798	693.698320364026	42.55319149	0.835367324
566	1190.66972054759	870.61598279011	46.15384615	0.920026039
568	1385.83871255528	1045.71619246315	45.11278195	1.064863842
569	1569.88012190443	1124.69622889525	35.71428571	1.296400328
571	1053.09312606931	835.26979183719	32.0855615	1.221941458
573	1006.24039851939	779.881499640537	33.89830508	1.188281969
575	888.132177617059	688.4748540253	29.85074627	1.165842309
577	861.444791362084	715.811827353909	28.03738318	1.256620932
579	722.89661264484	594.837081047235	28.57142857	1.045484136
581	848.16231801448	597.897412660238	39.21568627	0.795587928
583	919.181547936491	658.156067601381	33.14917127	0.966945327
584	695.904753021783	473.876645653154	33.70786517	0.758868485
586	908.531635689302	701.315995430977	33.33333333	0.997544863
588	817.768515291181	586.828586733426	36.80981595	0.802727819
589	519.357966287456	323.88037081103	45.80152672	0.505912323
590	803.386696522054	496.801388824905	51.28205128	0.590571039
592	1222.7198727587	889.186192523601	41.66666667	0.925125962
593	887.62629462873	599.441059946292	41.66666667	0.721129057
595	1503.41090268622	1063.29135445012	27.14932127	1.518756954
597	782.949316949185	517.694018796883	45.80152672	0.551811627
608	1373.00994748248	627.493911672889	42.85714286	0.833327355
610	1900.77881946432	1019.99238933575	37.97468354	1.330059817
613	877.589906210901	511.735588308256	15.91511936	1.274980653
615	1140.03837070729	564.775219149019	46.51162791	0.731328903
616	1385.37379851413	642.579149863737	46.875	0.808847726
617	1476.7173471144	611.402964819887	49.58677686	0.736428825
619	1654.28406331878	778.907432859396	41.95804196	1.153602495
620	1126.45304238017	482.678851788435	45.11278195	0.741528748
622	476.653787438608	238.718298160437	27.14932127	0.646670187
624	788.7714805527	399.76802346506	41.37931034	0.599750899
625	1234.22490701156	671.394436695649	42.85714286	0.758868485
626	460.533702058548	108.118938597253	63.15789474	0.307015341
627	707.217822574452	325.382732485028	54.54545455	0.481432695
628	0	0	47.61904762	0.13973788
630	1329.00524097798	611.681002237832	45.45454545	0.635450358
631	2225.8744670806	984.679467145391	41.66666667	1.002644786
632	692.241369226013	264.423813162126	50	0.457973051
633	1085.27568921572	445.860310297448	50.42016807	0.614030683
635	1113.47521550192	528.538750453376	44.44444444	0.692569491
636	1199.43814871192	532.990020483875	38.21656051	0.729288934
638	851.614321784008	311.69928436751	39.21568627	0.536511859
639	761.4863088026	304.048924515871	41.37931034	0.492652524
641	1135.73091158604	551.011946855128	33.89830508	0.803747804
642	772.833021909281	338.697886605676	45.45454545	0.503872354
645	781.480402527366	379.708563905849	26.9058296	0.688489553
648	2262.79823991918	1043.41405546098	20.83333333	1.622795375
649	2849.25137149272	1352.73825488427	33.33333333	1.658494834
652	1994.94070487412	991.480770481666	25.97402597	1.713573998
654	1148.17825711694	592.082523492198	26.78571429	1.167882278
656	1263.02558511248	633.349275762434	26.20087336	1.23826121
658	1641.4023608116	828.183133586205	32.60869565	1.235201257
660	1003.07772821539	632.718622399014	35.0877193	1.02610443
661	1167.45938292658	568.815557028143	37.73584906	0.921046024
663	901.630895284861	506.927033415407	42.25352113	0.685429599
664	1107.41857571119	657.42633835418	42.25352113	0.920026039
666	830.092891004754	416.599818080252	37.97468354	0.797627897
667	2392.77783739112	1287.96943502379	40	1.551396459
669	1192.1131955565	699.350602547795	30.45685279	1.211741613
670	672.430893950091	403.972091631636	73.17073171	0.48041271
671	109.888897359512	21.6030477857653	50	0.241736332
673	1306.71188569341	801.692528479256	39.47368421	1.131162835
674	965.656418011842	676.509867243199	44.44444444	0.864946875
676	1229.93567569425	642.178745270398	41.95804196	0.956745482
676	788.809122523615	397.164753609823	75.94936709	0.488572586
677	48.2386580406197	3.28425597395582	74.07407407	0.156057632
679	854.16317130581	420.536695510045	41.37931034	0.652790094
680	160.530838817984	93.9696762091044	56.60377358	0.268255929
682	1585.83028536499	856.339754450395	22.47191011	1.857391815
684	1154.67396022377	660.661643707203	37.5	0.920026039
685	2.26989923795389	0	81.08108108	0.068338963
686	832.375427324297	382.575572637822	66.66666667	0.472252834
687	768.490641294176	356.357489560905	39.47368421	0.59771093
689	1256.44305588273	702.945092258433	35.92814371	0.962865389
690	1110.07664361979	522.367742814286	45.11278195	0.708889243
692	215.851858334082	451.544562556104	38.46153846	0.759888469
693	1218.22538912766	593.374015194428	41.95804196	0.785388082
695	1089.44500492455	508.40455262627	31.41361257	0.890446488
696	601.126644532892	292.987355662136	46.875	0.492652524
699	1391.79484200277	673.703728456852	24.48979592	1.437158192
700	1649.57046637312	782.487308616458	38.70967742	1.113823099
702	1187.7569283501	603.161310271424	27.27272727	1.156662449
705	534.143949892141	513.025537711539	25.53191489	1.054663996
706	974.735934155121	525.70188015257	47.24409449	0.708889243
707	1339.81726655202	656.247308304834	44.44444444	0.83230737
709	869.510293195916	337.839314233206	45.45454545	0.567111395
710	1061.47792681976	472.154799450488	43.47826087	0.688489553
712	1461.26646141018	795.383276053703	33.33333333	1.162782356
714	1354.60050312358	759.929781555732	35.71428571	1.127082897
718	910.671990400728	507.079676027005	14.63414634	1.34637957
719	1582.98372920949	877.611602505237	36.80981595	1.056703965
721	1230.94879459464	671.329647873057	50	0.661969955
722	1265.23827966814	564.979485067145	54.05405405	0.657890017
724	1872.53742556573	900.147446710319	25.86206897	1.657474849
725	1065.64700445102	499.218511227031	50.84745763	0.695629444
726	0	0	78.94736842	0.121378158
728	1240.76118138968	570.732179473543	34.68208092	0.963885374
729	859.301912466161	375.893073688299	38.96103896	0.720109073
730	632.842545422355	197.644210761254	50.42016807	0.50285237
732	1008.9439045746	416.774627085722	40.54054054	0.729288934
733	490.846421396946	127.194711972269	42.85714286	0.386574134
735	200.966293592063	40.6323989528574	45.80152672	0.254996131
736	56.3130478470157	0.53959215228423	38.70967742	0.208076843
737	292.546147271148	68.9147587223412	52.17391304	0.274375837
739	1301.43534963907	593.589491344491	40.81632653	0.65177011
740	2493.6997689993	1078.70958226894	39.21568627	1.123002959
742	1945.82514180242	701.865987161583	38.46153846	0.990404971
743	1345.98262714231	574.511973967072	40.81632653	0.779268175
745	1766.42862907524	705.669119221581	35.0877193	1.022024492
747	1271.72532073886	503.466711767231	33.33333333	0.833327355
750	346.648745382476	119.274189813568	20.68965517	0.493672509
751	1360.24506395316	750.607377082732	45.11278195	0.598730915
752	1801.22155533852	932.766080379498	44.44444444	1.047524105
754	1924.30951749173	1046.53802890955	35.29411765	1.439198161
756	657.599285713927	271.050958013656	33.14917127	0.652790094
757	494.270496920079	169.775966013018	37.73584906	0.485512633
759	960.014466822666	362.65312298491	40	0.57731124
761	938.01616700611	393.874068369039	27.02702703	0.767028361
763	2190.15996653799	1073.29590156467	38.21656051	1.116883052
764	2000.87770094827	1011.30611674755	43.16546763	1.112803114
766	2107.6797421778	889.02778536222	41.95804196	1.127082897
767	1083.01688639887	525.028269362336	37.03703704	0.90880621
769	1453.80292031951	731.25832652373	40.81632653	0.926145946
770	1034.1639200852	457.801408335114	68.96551724	0.467152911
771	996.335476560633	564.383601323512	38.70967742	0.636470342
772	1400.67323766117	715.250112428386	65.2173913	0.604850822
773	431.825623784901	137.345517824157	50	0.382494196
775	1808.28597532429	880.436293039214	32.25806452	1.341279647
777	931.353802051653	415.673630588496	36.80981595	0.7578485
778	1198.62736712164	571.816317928288	35.29411765	0.942465699
780	1137.37992549325	560.172368117994	34.48275862	0.889426504
782	968.018389489344	450.351916300362	37.97468354	0.784368098
783	2019.99066767692	1081.95799321757	37.26708075	1.440218146
785	1028.98997236845	444.027658414079	41.66666667	0.62933045
786	954.450340397801	488.507201094926	40.54054054	0.729288934
788	1558.73762565564	826.038711851283	36.58536585	1.186242
789	1073.42344364242	500.883426229179	43.16546763	0.813947649
791	1609.58936672023	843.88115096842	35.29411765	1.220921473
792	1063.71890180959	736.808169537551	40	0.990404971
795	1061.32086776015	584.0787677618	22.1402214	1.129122866
796	1230.29972379201	548.337141109348	47.61904762	0.755808531
798	429.682228150709	225.059455355698	31.57894737	0.563031456
800	1306.18186564042	704.114438879983	30	0.980205126
802	1300.88571189351	695.181718711344	31.74603175	0.974085219
804	2876.69338031631	1407.02803204373	40.81632653	1.376979105
805	1574.16719063518	797.286626114653	37.26708075	1.11178313
807	2457.53491451263	1211.22229916319	35.0877193	1.540176629
809	1973.99750328547	1046.16559760517	38.96103896	1.277020622
810	1537.33983073325	711.822533085398	48	0.808847726
811	1205.81435709723	654.556386766334	37.73584906	0.946545637
813	1310.36169502423	620.101816306655	48.38709677	0.739488779
814	1187.59571375317	664.308542811651	54.05405405	0.736428825
815	996.924839173756	608.753417781902	48	0.747648655
817	1213.40853646514	727.492363555937	31.74603175	1.162782356
818	1235.92198983732	636.223983894565	39.47368421	0.911866163
820	1865.59877839317	1030.61982384797	33.33333333	1.593215824
822	1602.94472855251	859.053659550622	39.47368421	1.208681659
824	1341.46338876652	853.171688839122	25.64102564	1.620755406
826	943.15123758138	527.118556849329	25.64102564	1.108723176
828	1006.7141432836	744.375883771106	34.48275862	1.058743934
830	933.67446462539	569.552885339035	30.45685279	1.001624801
831	980.261771841305	558.372589657927	45.80152672	0.767028361
833	1551.52798953512	755.01240794783	56.07476636	0.874126736
834	885.946159491405	447.510159031029	46.875	0.659929986
835	807.822785097113	395.73457332693	37.26708075	0.702769336
837	926.016732824772	506.013351131761	30.3030303	0.910846179
838	285.277641188292	119.460740525158	71.42857143	0.216236719
840	954.856011970651	462.574661888201	40	0.686449584
841	1233.60095373139	658.18225648796	44.44444444	0.820067556
843	957.748670087025	496.063040554593	42.25352113	0.744588701
844	754.961239172212	410.79068481756	48.38709677	0.588531069
845	948.774323354046	559.50108616387	37.97468354	0.844547185
847	1322.48296487392	832.599040265526	28.57142857	1.294360359
849	1042.10361948398	470.544322350903	32.43243243	0.841487231
851	1340.87010161838	758.187098339107	42.25352113	0.920026039
852	454.555109219833	199.697733657956	52.63157895	0.382494196
853	909.036526843524	456.99694286575	52.17391304	0.594650977
857	702.491728385475	402.502774019304	14.66992665	0.926145946
858	997.592046281247	375.717679628323	51.28205128	0.500812401
860	1133.81904001049	488.461622364244	37.26708075	0.799667866
861	1259.47939852272	691.492074633088	51.28205128	0.631370419
862	643.210136687534	202.197029472692	49.18032787	0.396773979
864	2169.44285348804	1063.36010651163	38.70967742	1.26070087
865	1131.45734775804	584.600414584809	38.21656051	0.848627123
867	1340.43577902731	788.025006853033	43.16546763	0.953685529
868	946.726216530798	559.893370907777	42.25352113	0.814967633
870	1407.49500001767	681.739387581593	29.55665025	1.216841535
872	1213.09348843107	589.187976271171	42.25352113	0.829247417
873	1106.55283552412	613.240705095873	37.26708075	0.966945327
875	1036.43194736871	581.473523000861	34.48275862	0.967965312
877	1348.87923171184	836.264709750719	33.89830508	1.237241226
878	982.042452228219	501.456447640854	37.73584906	0.801707835
880	1260.21436860603	605.725617448883	36.14457831	0.987345018
882	1735.68210849157	1035.99198488924	33.51955307	1.566696227
884	1103.22493739009	547.111561865215	31.0880829	1.118923021
885	43.6418559661963	0	68.18181818	0.108118359
887	554.099975997107	504.998593236888	29.41176471	0.880246643
889	669.74671806415	368.045723702956	21.97802198	0.751728593
891	1102.69885595172	585.262514713587	49.18032787	0.65177011
893	1577.56217605104	836.325718688757	24.89626556	1.485097465
894	144.540448720956	28.1184125093356	63.15789474	0.210116812
896	1585.257097696	741.295733516283	38.46153846	0.999584832
897	1930.5947910443	916.406831542342	33.70786517	1.261720854
899	1066.12715248188	500.577724064682	45.11278195	0.677269723
900	1761.62083469417	897.207817833416	37.26708075	1.228061365
902	2232.2318357671	1052.50541361383	36.80981595	1.499377248
903	1982.45934018524	989.286695663263	43.16546763	1.221941458
904	881.170171348565	559.832123058707	51.72413793	0.750708609
907	1010.24559658052	542.091305173929	26.78571429	1.048544089
908	842.825617752277	406.427902673473	38.46153846	0.698689398
910	1437.93235447971	708.94143843231	43.79562044	0.880246643
911	619.793220924886	301.255184441528	52.63157895	0.518152137
912	1429.68809813423	631.007037466378	40.54054054	1.030184368
913	1212.63409497308	652.498718254486	46.51162791	0.83230737
915	583.748350284256	196.671434956527	41.37931034	0.497752447
916	954.469047407944	346.650736029206	58.82352941	0.482452679
918	650.376526881095	306.825517402382	35.29411765	0.584451131
919	195.186070716348	50.1872445324764	34.28571429	0.336594892
920	188.31773024349	31.7335532168204	61.2244898	0.265195976
922	620.019487927802	200.153086280742	42.55319149	0.447773205
923	728.78996379202	316.510432970452	45.11278195	0.476332772
924	1062.32552617821	396.578345434701	44.11764706	0.573231302
926	944.538117332531	403.916858409136	35.92814371	0.626270497
928	874.258379024903	340.637130618887	35.71428571	0.602810853
930	618.581011459333	247.358352699513	34.09090909	0.483472664
931	1400.41458569178	588.516461527019	36.36363636	0.770088314
933	937.681318408034	402.155499535843	39.21568627	0.617090636
934	843.564196074264	314.782903602181	36.14457831	0.551811627
936	974.02230486168	378.173246456429	36.14457831	0.596690946
938	1926.6079847777	745.580705784881	34.88372093	0.941445714
941	1796.69828951366	787.114291560556	20.68965517	1.318839988
942	3066.58548936969	1464.0426885949	37.73584906	1.603415669
944	2153.67831337086	876.437851551677	36.58536585	1.279060591
945	2113.59095680312	889.565424787827	40	1.265800792
947	1423.48881699246	619.325333170189	43.79562044	0.920026039
948	823.579304242516	409.450702763968	40.81632653	0.71500915
950	1186.48114028888	625.49435361868	36.58536585	0.948585606
952	1261.68440092016	691.921224251276	37.97468354	1.023044476
953	1233.10875795813	694.551514992909	37.03703704	0.963885374
955	1295.88219327721	683.379122909519	35.29411765	1.067923795
956	1346.95765264067	586.243368324508	36.80981595	0.982245095
959	1295.39314354488	717.680567353423	23.25581395	1.220921473
961	1628.2658115232	822.408436209495	32.0855615	1.338219694
963	1565.06169141178	805.562761801879	35.92814371	1.26070087
964	1281.03490082142	784.252920010802	37.73584906	1.21786152
968	994.73833217962	641.13772075887	17.64705882	1.843112032
970	649.14141408567	359.931295880543	27.64976959	0.764988392
972	1497.352987574	897.467432557571	33.70786517	1.464697774