TEMPS	VO2	VCO2	FR	VT
2	373.7105102	192.7003221	18.57585139	0.500805337
6	343.2778906	179.5823362	16.75977654	0.511005039
9	406.0358481	213.6394377	17.82531194	0.538544232
12	380.25522	198.3530543	17.96407186	0.516104889
16	340.2364282	175.568612	18.81467545	0.473266144
19	436.3627855	229.9798006	18.03968731	0.548743934
23	611.2632237	333.0599241	17.03577513	0.725198768
25	727.8507656	403.0718497	18.14882033	0.797616647
28	643.3401138	355.7935962	20.07360321	0.695619634
30	578.7665855	312.0994111	23.3281493	0.583422918
33	483.4949298	256.1460462	25.25252525	0.495705487
34	487.0008352	255.7931329	27.19854941	0.488565696
37	456.3226986	254.6796469	27.49770852	0.488565696
40	566.5700041	331.4218848	25.07312996	0.600762411
43	566.2595269	344.0992662	19.96007984	0.711939156
46	607.1373952	372.1008711	18.95135818	0.775177304
48	655.6941384	391.9781675	20.62564455	0.732338558
53	751.144449	457.341967	18.46722068	0.848615154
56	722.6628496	436.4062196	18.58160421	0.809856289
59	656.7933862	399.9254984	16.82557487	0.833315602
61	571.7235223	333.5501709	21.82611859	0.633401455
64	685.2549853	415.2239066	22.8745711	0.704799365
66	782.4288433	478.9704734	27.32240437	0.685419932
68	841.8125209	515.4806262	27.00270027	0.738458379
70	777.7185375	462.5796958	27.4473925	0.694599663
73	813.1537488	498.6076065	23.50176263	0.830255692
76	648.8688978	407.0552655	22.19755827	0.757837812
79	570.7365973	352.952668	22.45508982	0.680320081
81	476.0435239	285.6021701	23.08580223	0.570163307
86	671.6823986	421.9946672	18.77346683	0.799656588
90	670.249592	432.8275017	16.17250674	0.914913213
93	637.0531625	411.3369681	15.34919417	0.920013064
95	614.7976377	386.6559715	18.89168766	0.763957633
98	626.0244554	383.5761027	20.6682742	0.713979096
102	684.0876812	423.3458539	19.98667555	0.767017543
105	641.4285754	401.3770908	18.71490954	0.790476856
111	561.0021259	356.4242281	14.23149905	0.848615154
114	435.1647282	277.7060185	14.42307692	0.711939156
118	419.3828943	261.8746418	13.9243444	0.680320081
123	519.8131303	316.3890454	15.45197013	0.726218738
127	582.9021027	351.415236	14.50676983	0.807816349
130	510.6825931	305.0955905	14.36781609	0.734378499
134	564.5842188	322.6942323	16.44286106	0.700719484
137	572.5059478	321.4480953	17.3260179	0.680320081
141	555.7276461	307.8833199	16.67129758	0.678280141
144	433.8537461	223.5748576	17.01644923	0.538544232
147	584.4593748	297.1557357	18.4501845	0.610962112
149	798.4038542	408.5573724	22.33804914	0.688479843
154	990.4375925	542.8015696	18.79699248	0.973051511
155	907.7335795	492.6237399	21.30681818	0.837395483
158	853.9294763	460.2908074	21.40563682	0.786396976
160	683.9727217	332.1765694	29.9550674	0.524264651
162	765.9388678	399.6724768	26.21231979	0.623201754
165	762.126822	394.7255856	26.05297438	0.611982082
167	676.509964	350.4679266	24.10606669	0.602802351
170	666.4454584	340.2027933	24.76269088	0.579343038
172	667.429483	355.5026372	23.08580223	0.618101903
175	749.9687741	402.9446343	23.08580223	0.66910041
177	703.4159761	375.1981496	22.78769464	0.660940649
180	768.7007371	403.3772468	24.77291495	0.664000559
182	730.9581787	393.0032794	25.49936252	0.650740948
188	667.4784362	390.2853485	17.29605074	0.840455393
191	679.3746889	404.3680109	15.81861323	0.908793392
193	581.1523551	342.18911	16.61129568	0.754777902
195	615.5279455	316.2284099	26.63115846	0.524264651
197	781.7557967	385.3020205	29.9550674	0.557923665
200	1064.851765	550.7327823	25.35925613	0.792516797
205	1056.013703	598.7244806	17.23147616	1.088308136
209	863.329939	494.13065	15.27106134	1.034249719
211	780.3360811	446.4308096	16.05995717	0.934292646
213	527.811813	279.1951511	22.81368821	0.553843784
216	736.7821111	396.6620892	24.06738869	0.5977025
219	673.5108236	362.343426	24.63054187	0.555883725
221	1058.872058	559.843493	23.41006633	0.773137364
224	1143.135653	603.1427881	22.88329519	0.836375512
227	1340.126309	699.8985867	21.00840336	1.009770436
230	1237.577749	665.9421691	19.4426442	1.074028554
233	1259.090511	678.5999844	21.23142251	1.073008584
236	1219.091278	688.8708483	21.25398512	1.099527808
238	1266.763848	721.9185902	21.17896223	1.127067002
241	1291.058008	744.7234912	20.64693737	1.169905747
245	1207.889615	727.6884887	18.29268293	1.216824374
248	1312.660951	748.3213519	18.90954932	1.203564762
251	1417.266451	758.7332722	19.10828025	1.197444941
254	1746.393833	876.2185016	22.06693637	1.212744493
257	1743.069492	881.2450123	20.54794521	1.298421985
262	1727.187958	915.5821087	16.82557487	1.610532847
263	1662.091306	873.8280198	18.33180568	1.461617207
266	1828.581514	955.6519383	20.4778157	1.418778461
268	1942.926292	987.4437681	27.86809104	1.124007091
270	1955.464087	1017.666116	26.36203866	1.198464911
272	1729.962661	911.1240937	25.90673575	1.127067002
274	1714.79218	912.9647155	27.95899348	1.035269689
277	1899.488889	1001.670772	28.66698519	1.061788913
279	1863.8413	976.9995853	28.94356006	1.030169839
280	1734.860354	869.7543786	30.25718608	0.916953153
283	1570.778054	770.8223715	29.08385846	0.879214258
285	1604.311669	808.7236027	27.53556677	0.944492347
287	1783.961844	915.3627381	25.57544757	1.095447927
289	1955.233803	989.2216615	27.03920685	1.100547778
292	2041.657861	1010.349701	28.395646	1.068928704
294	2016.466872	1002.118962	27.82931354	1.077088465
297	1806.852639	922.5523008	25.01042101	1.126047031
299	1774.093387	939.1989264	23.97123452	1.19234509
302	1781.983439	952.6046188	23.02379125	1.228044045
304	1863.917073	986.6524874	24.40016267	1.19234509
306	1889.544309	976.3438425	25.71795971	1.103607688
308	1906.482427	974.2966663	26.7618198	1.068928704
311	2016.205048	1007.538491	27.53556677	1.063828853
313	2023.57593	1003.154689	26.24671916	1.145426464
315	2090.75588	1040.992952	25.95155709	1.204584732
318	2118.218551	1091.485556	24.26202992	1.323921238
320	2193.404722	1158.10396	24.86531289	1.346360581
322	2099.839629	1122.68084	26.16659398	1.267822881
325	1994.864466	1062.387007	27.23558783	1.18622527
327	1938.439804	1031.735725	26.24671916	1.197444941
329	1971.640267	1043.708539	26.67852379	1.179085479
331	1803.196461	954.9889136	27.82931354	1.086268196
334	1745.532192	949.197385	27.86809104	1.068928704
336	1637.135845	909.730706	25.40220152	1.1168673
338	1891.075473	1050.606116	24.69135802	1.243343597
341	2010.2806	1089.096699	25.61912895	1.237223776
343	2059.512743	1100.488781	27.52293578	1.182145389
345	1875.561548	1006.713305	27.07581227	1.11890724
347	1873.62087	1022.854812	26.67852379	1.149506345
350	1937.612031	1063.327884	25.65198803	1.217844344
352	1961.074764	1055.343514	27.03920685	1.173985628
354	1843.653716	1003.820033	26.86968204	1.150526315
356	1813.035478	996.9890012	27.40977615	1.121967151
359	1803.886145	1019.182394	25.14668902	1.209684583
361	1681.445933	958.3986461	24.10606669	1.167865807
364	1715.297481	968.7832829	23.65930599	1.181125419
366	1793.534161	1007.792457	23.5941801	1.216824374
369	1857.61518	1023.850403	25.40220152	1.154606195
371	1850.480853	1035.293067	25.71795971	1.19132512
373	1713.701808	985.6233227	26.36203866	1.140326613
375	1834.870661	1077.915721	26.17801047	1.246403508
378	1736.339434	1027.864438	26.66666667	1.163785927
380	1861.597631	1063.897588	27.27272727	1.166845837
382	1763.60911	984.0105513	27.11251695	1.106667599
385	1856.67992	1040.86155	25.32714225	1.227024075
387	1765.184036	1010.732318	24.80363787	1.214784433
389	1774.163672	1031.807818	25.35925613	1.19336506
391	1751.879613	1008.385484	26.59574468	1.120947181
394	1795.74055	1014.467218	27.4473925	1.086268196
396	1782.790057	1015.103945	26.51347768	1.136246733
398	1731.586402	987.5936409	25.94033722	1.146446434
401	1690.540261	966.0538775	25.11511093	1.166845837
403	1720.117578	978.4688881	25.42372881	1.156646136
406	1743.286483	978.8785168	25.25252525	1.145426464
408	1885.816185	1054.619154	25.40220152	1.19234509
410	1889.344434	1051.081903	24.83443709	1.206624672
413	1985.195999	1116.196041	25.01042101	1.267822881
415	1927.284532	1093.68246	25.14668902	1.279042552
417	1890.447011	1061.868017	26.29272568	1.220904254
420	1760.573289	1012.942157	26.01908066	1.200504851
422	1723.952836	1005.870754	26.13240418	1.167865807
424	1743.857648	1041.093584	25.39145154	1.215804404
426	1851.122361	1086.139485	26.67852379	1.18724524
429	1812.409737	1052.394903	26.83363148	1.144406494
431	1877.622933	1088.882555	26.32733655	1.202544792
434	1786.125932	1037.370179	24.73206925	1.233143896
437	1674.82321	984.6164509	20.79002079	1.386139416
440	1750.324901	1025.555721	21.32954141	1.375939715
442	1840.335213	1051.253163	21.92982456	1.362680103
444	2088.961787	1182.729041	25.57544757	1.303521835
447	1994.064823	1142.333173	25.68493151	1.297402014
448	2090.487657	1215.458691	27.90697674	1.299441955
450	1893.904087	1102.417753	31.31524008	1.128086972
453	1768.164567	1053.964116	29.09796314	1.136246733
455	1443.408679	877.686063	25.79535684	1.066888763
458	1646.720492	1003.656016	23.44665885	1.231103956
460	1662.307751	994.87626	24.76269088	1.156646136
462	1812.513274	1089.570739	25.71795971	1.206624672
465	1774.29483	1049.067815	26.31578947	1.164805897
467	1756.430562	1053.528528	25.98527501	1.204584732
469	1771.365881	1054.090911	26.36203866	1.194385031
471	1696.71165	1010.823958	26.47837599	1.157666106
473	1773.346496	1028.500265	27.77777778	1.108707539
476	1863.102788	1065.43307	27.48511223	1.147466404
478	1897.094578	1091.780286	26.83363148	1.18826521
480	1780.777401	1025.153211	26.20087336	1.166845837
483	1648.877861	965.7235228	25.95155709	1.136246733
485	1614.612385	956.7477066	26.4084507	1.110747479
488	1618.130906	982.8370625	24.73206925	1.184185329
490	1802.473802	1077.399618	25.25252525	1.226004105
492	1824.276695	1091.889067	25.08361204	1.245383537
494	1855.9795	1120.992598	26.01908066	1.249463418
497	1646.569637	1006.457947	26.09830361	1.163785927
499	1665.754094	1006.230395	25.75107296	1.198464911
502	1631.90527	970.9812708	25.54278416	1.156646136
504	1672.816219	1015.33452	24.76269088	1.212744493
506	1773.631674	1069.638382	25.35925613	1.204584732
508	1850.466679	1084.734489	26.24671916	1.182145389
511	1896.768482	1103.387135	25.79535684	1.241303657
514	1764.02373	1042.766235	24.46982055	1.263743
516	1734.940995	1048.377413	22.90950745	1.351460432
519	1669.970402	1032.341202	23.29192547	1.286182343
521	1768.718946	1096.877506	23.79064235	1.320861328
524	1821.345363	1136.144062	23.8758456	1.353500372
526	1856.296179	1132.143626	23.29192547	1.376959685
529	1788.20022	1069.527748	22.71006813	1.33514091
532	1775.195747	1075.176221	22.39641657	1.325961178
535	1810.797735	1087.803018	21.97802198	1.362680103
537	2060.115825	1238.933039	22.79635258	1.459577266
539	2017.883622	1199.753095	23.63135093	1.394299178
542	1961.753568	1179.113939	25.39145154	1.296382044
544	1686.007138	1020.084164	24.90660025	1.19234509
547	1746.185081	1060.43791	25.35925613	1.237223776
549	1958.096038	1188.943416	25.97402597	1.346360581
551	2070.826689	1232.103509	26.59574468	1.383079506
554	1783.550231	1081.442426	23.91390992	1.345340611
556	1733.509266	1047.08016	24.46982055	1.303521835
558	1842.716713	1122.913918	26.44336712	1.300461925
560	2194.107579	1324.422128	31.31524008	1.319841357
562	2069.736981	1317.417106	28.54424358	1.400418998
564	1937.052754	1255.160338	27.19854941	1.408578759
566	1968.282456	1250.727186	28.26189355	1.363700073
569	1934.406041	1187.042341	28.7218765	1.285162373
571	1933.234865	1184.133718	29.12621359	1.251503358
573	1967.298362	1226.785621	27.66251729	1.33922079
575	1954.268228	1214.497435	29.08385846	1.318821387
577	1821.985443	1165.275129	29.08385846	1.300461925
579	1705.736264	1117.878232	28.5850405	1.291282194
581	1721.022819	1136.687192	28.35538752	1.271902761
583	1813.073544	1184.398337	27.2851296	1.332080999
585	1797.164385	1152.972479	28.18224519	1.238243747
588	1722.389661	1084.967873	26.56042497	1.242323627
590	1730.571779	1041.594123	27.61159687	1.143386524
592	1835.858423	1113.815002	25.90673575	1.287202313
609	1909.54373	1106.519856	24.97918401	1.399399028
611	1854.864575	1058.213292	22.96211251	1.513635684
614	1684.498252	907.8907584	21.95389682	1.449377565
617	1583.063621	866.7477024	21.7944061	1.349420491
620	1626.584006	867.1553221	21.15655853	1.354520342
623	1781.13685	934.5548739	21.41327623	1.382059536
625	1913.902001	984.4218534	21.98607549	1.421838371
628	1990.98879	1008.366493	23.02379125	1.418778461
630	2001.088061	1022.73482	23.29192547	1.429998132
633	1915.357322	982.9224794	22.76176024	1.41571855
637	1656.872559	875.7838715	19.59503592	1.439177864
639	1855.831099	970.1354548	20.31832035	1.535055056
642	2026.395435	1046.522392	20.88409328	1.612572787
644	2205.180465	1206.439771	24.83443709	1.607472936
647	2010.078485	1143.416767	23.3826968	1.6360321
649	1896.720303	1141.24425	23.68732728	1.619712578
654	1684.691264	798.1184551	24.27184466	1.19234509
656	1903.760052	883.380107	26.32733655	1.204584732
658	2031.412367	933.389327	28.7218765	1.19336506
660	1864.420873	836.0007079	30.12048193	1.081168345
662	1522.51086	731.9159789	26.79767753	1.055669092
665	1545.784355	733.0455707	25.25252525	1.093407987
667	1636.488465	782.0314027	23.94253791	1.18928518
669	1795.838809	826.8714207	25.39145154	1.175005598
672	1976.706282	888.6023651	26.74988854	1.179085479
674	2064.866873	950.5981328	26.9541779	1.230083985
676	2246.281595	1050.179682	27.49770852	1.343300671
678	2009.852503	986.6988888	26.7141585	1.345340611
681	1788.478706	900.2125775	25.3164557	1.288222283
683	1806.336645	903.5088223	25.46689304	1.256603209
687	1540.364104	804.8084979	21.95389682	1.210704553
689	1738.697776	868.1368038	21.88183807	1.299441955
692	1706.26105	860.5869937	21.03049422	1.326981148
694	2051.541115	1007.101263	23.3826968	1.408578759
697	2128.012732	1074.620159	24.33090024	1.447337625
699	2304.369313	1115.279816	25.90673575	1.461617207
701	2312.531726	1121.114501	27.32240437	1.446317655
703	2234.193626	1069.020155	28.22201317	1.396339118
706	1854.940391	942.4984724	25.82866982	1.323921238
708	1895.782481	979.7731284	25.65198803	1.344320641
710	1734.53999	932.3202095	23.8758456	1.313721537
712	1922.371956	1006.250198	26.79767753	1.306581746
715	1819.383759	952.154926	26.51347768	1.283122433
717	1765.518924	931.2009952	25.97402597	1.295362074
720	1776.984064	950.8070763	24.40016267	1.353500372
722	1823.932938	965.8176299	24.89626556	1.351460432
724	1960.769085	1037.414427	27.27272727	1.33820082
726	2076.57307	1088.803562	27.61159687	1.403478909
728	2136.62772	1066.476045	28.5850405	1.358600223
730	2120.612036	1030.834275	28.08988764	1.389199327
732	2012.952062	996.6903908	28.66698519	1.352480402
735	1970.895711	1021.75413	27.61159687	1.437137923
737	1988.486092	1024.634081	27.35978112	1.457537326
739	1986.190566	1002.464597	27.19854941	1.441217804
741	1993.103113	981.405818	28.80460874	1.347380551
744	1628.105664	841.9492113	26.7141585	1.204584732
746	1601.66642	836.468971	26.13240418	1.207644642
748	1600.433605	850.0076546	24.67105263	1.269862821
751	1908.122239	975.3826252	26.51347768	1.372879805
753	1914.026388	969.1627546	26.7141585	1.351460432
755	1996.686802	998.0298659	27.07581227	1.360640163
757	2062.299606	1006.804727	27.32240437	1.358600223
759	2017.046842	976.72913	27.03920685	1.346360581
761	1999.862318	982.1489464	27.57352941	1.323921238
763	1941.118737	941.3319109	29.1403594	1.232123926
766	1898.299921	934.6303284	29.26829268	1.223964165
768	1784.232669	882.1129956	28.22201317	1.210704553
770	1770.772518	899.1349942	26.51347768	1.274962671
773	1639.4483	855.5481115	24.73206925	1.255583239
775	1815.33035	921.5455873	26.21231979	1.280062522
777	2004.134036	1022.690284	26.67852379	1.373899775
779	2285.663341	1118.748294	29.86560478	1.399399028
781	2051.127018	1012.293335	27.57352941	1.41469858
783	1925.460656	964.8030337	26.99055331	1.402458939
786	1952.011874	1010.279124	26.31578947	1.457537326
788	2040.841059	1058.532435	26.63115846	1.471816908
790	2156.21166	1070.809729	27.37226277	1.461617207
792	2110.07964	1020.320176	28.05049088	1.392259237
796	1553.485292	847.7050563	23.07692308	1.317801417
798	1526.454224	828.2510321	22.71006813	1.283122433
800	1613.998721	900.6027031	22.84843869	1.346360581
802	2318.272876	1151.889778	28.05049088	1.458557296
805	2267.769082	1160.064704	27.37226277	1.522815415
807	2123.115965	1034.924639	26.13240418	1.467737027
809	1979.62685	959.1206401	26.36203866	1.408578759
811	1940.612992	949.0299253	27.95899348	1.334120939
813	2111.986311	1072.217577	28.6259542	1.418778461
828	1989.050276	1038.574376	29.71768202	1.345340611
830	1856.984755	998.0867749	28.31524304	1.320861328
834	1328.205971	809.1177832	22.97090352	1.229064015
836	1500.228855	895.1359666	22.11573903	1.33514091
838	1600.125275	908.681228	22.3880597	1.366759984
840	1991.50746	1019.024066	26.7141585	1.399399028
843	1752.635726	881.3266428	25.60819462	1.307601716
845	1787.297643	905.9103858	25.79535684	1.302501865
847	1927.584051	967.326168	26.4084507	1.317801417
850	1983.213487	977.2055914	26.7141585	1.324941208
852	1966.404972	980.9522635	25.83979328	1.382059536
855	1824.531937	914.3660914	23.81897578	1.390219297
857	1968.877727	1024.897883	24.13515688	1.493236281
859	1989.176431	1027.243924	25.04173623	1.452437475
862	2114.94134	1071.038994	26.7141585	1.455497386
864	2127.509044	1058.417987	26.67852379	1.464677117
866	2005.413014	964.9959542	28.01120448	1.353500372
868	1867.933443	909.0269442	30.06012024	1.259663119
870	1797.21515	871.46039	30.92783505	1.210704553
872	1821.606227	923.7190396	28.54424358	1.314741507
874	1933.893909	961.8581235	27.66251729	1.389199327
876	2006.403615	976.003835	27.73925104	1.40959873
878	2000.894341	954.8118293	29.9550674	1.318821387
882	1620.495724	873.8825781	23.69668246	1.349420491
884	1581.39684	884.7971329	24.09638554	1.323921238
886	1655.373159	924.2929253	23.3553912	1.376959685
888	1989.819267	1022.150481	28.35538752	1.361660133
890	2077.78744	1050.035824	28.08988764	1.402458939
892	2191.689519	1114.841905	28.26189355	1.48711646
894	2307.535978	1180.261904	29.71768202	1.518735534
896	2256.214325	1171.092693	30.10536879	1.513635684
898	2216.505603	1192.467848	29.38295788	1.565654161
900	2235.03505	1229.842209	28.8184438	1.623792458
902	2325.402831	1282.713902	28.43601896	1.704370099
904	2241.149048	1169.207927	30.25718608	1.529955206
906	1865.416465	1050.845004	29.97002997	1.41265864
909	1495.89885	890.2173028	28.99951667	1.247423478
911	1588.999954	969.6768984	27.07581227	1.355540312
913	1886.695598	999.5952591	27.23558783	1.388179357
914	2036.503034	1035.399454	31.03983445	1.291282194
916	2075.224261	1025.61129	32.67973856	1.242323627
918	2034.309248	1061.163334	33.16749585	1.258643149
920	2166.21463	1071.77325	30.78501796	1.374919745
922	2171.266959	1072.140239	30.36437247	1.436117953
924	2212.898015	1064.039011	29.76190476	1.480996639
927	2180.584913	1084.638611	28.35538752	1.553414519
929	2074.122834	1062.812006	27.48511223	1.534035086
931	2128.730989	1080.520554	27.57352941	1.512615713
933	2149.724757	1097.055103	29.22552362	1.438157893
935	2363.338978	1167.560923	30.99173554	1.455497386
936	2114.581344	1051.090681	33.59462486	1.286182343
938	2020.669953	1032.053164	32.55561584	1.310661626
940	1849.35319	987.8719291	30.62787136	1.292302164
943	1881.534155	1032.991368	25.18891688	1.441217804
947	1763.35292	990.0787418	21.69197397	1.449377565
949	1948.87243	1051.41133	21.98607549	1.476916759
951	2224.817193	1153.908945	25.04173623	1.504455952
952	2598.77046	1241.871273	31.4795383	1.462637177
954	2547.05896	1200.207433	32.50270856	1.475896788
956	2251.887309	1091.954145	32.37992445	1.439177864
958	2214.610151	1103.601378	31.91489362	1.458557296
960	2089.321575	1083.606123	32.15434084	1.428978162
962	2262.721939	1152.745446	31.86404673	1.475896788
964	2163.701654	1133.071223	29.86560478	1.555454459
966	2175.94217	1156.211348	28.8184438	1.623792458
968	2068.251778	1087.174814	30.3183426	1.508535833
970	2086.564446	1075.3316	30.16591252	1.516695594
972	2001.792354	1034.62111	29.22552362	1.497316161
974	1882.87983	996.863875	26.86968204	1.527915265
977	1866.411333	980.5535193	27.32240437	1.432038073
980	1452.227593	816.0321601	22.56487401	1.308621686
980	1149.916568	741.9911086	30.0150075	0.881254199
982	1355.384712	848.680306	31.64556962	0.936332586
983	1503.894252	1048.674803	72.37635706	0.610962112
985	2029.343755	1247.574196	41.78272981	1.159706046
987	1910.611549	1168.766934	38.73466753	1.207644642
989	2482.460851	1223.798268	28.68068834	1.697230308
991	2295.337608	1146.42287	28.76318313	1.649291712
993	2209.703302	1123.7087	28.76318313	1.624812429
995	1937.464167	1045.220918	28.66698519	1.544234788
997	2010.947474	1084.597774	28.76318313	1.545254758
999	2007.844052	1081.649855	28.86002886	1.552394549
1001	2124.409787	1089.988661	28.9017341	1.541174877
1004	2058.31935	1048.264337	28.9017341	1.492216311
1006	2072.294463	1067.548101	28.86002886	1.483036579
1008	1936.95072	1041.089015	28.49002849	1.461617207
1010	1991.192519	1077.280265	28.6259542	1.49017637
1012	2058.253688	1101.043435	28.54424358	1.513635684
1014	2294.356395	1178.388237	28.76318313	1.593193354
1016	2261.039118	1174.861009	28.49002849	1.614612727
1018	2178.808968	1153.839051	28.49002849	1.612572787
1020	2161.548961	1143.456938	28.49002849	1.573813922
1022	2235.186926	1149.807146	28.99951667	1.575853862
1024	2301.811851	1134.50958	29.28257687	1.56157428
1027	2281.018859	1114.904393	28.9017341	1.592173384
1029	2020.939927	1042.602623	27.19854941	1.505475922
1031	1952.809471	1028.702446	26.83363148	1.433058043
1033	1999.019813	1028.606767	26.56042497	1.41367861
1036	1981.832218	986.6832918	25.07312996	1.436117953
1039	1842.914395	916.7117495	23.84737679	1.426938222
1041	1876.563482	940.4696346	24.03846154	1.431018102
1043	1878.433446	924.056581	26.44336712	1.393279207
1045	2088.1529	1022.738116	27.91996277	1.48405655
1047	1913.342164	937.7841947	28.80460874	1.425918252
1063	1868.119391	841.0443602	28.54424358	1.267822881
1065	1941.206362	905.3973744	28.18224519	1.34024076
1067	1933.227413	930.0578668	27.86809104	1.370839864
1069	2021.57945	980.7786956	29.18287938	1.371859834
1071	2000.777736	926.3375352	30.51881994	1.300461925
1073	2015.419789	930.1744852	29.36857562	1.352480402
1076	1928.742813	907.441688	25.07312996	1.399399028
1078	1919.536743	939.4682591	25.01042101	1.444277714
1080	2021.391886	966.1891328	25.54278416	1.447337625
1082	2076.038638	960.4037708	29.09796314	1.408578759
1084	2194.535473	1001.098875	28.95752896	1.458557296
1098	2305.638263	1045.192521	31.36434919	1.4106187
1100	2314.648127	1061.327203	33.16749585	1.376959685
1102	2190.968217	1010.743781	33.59462486	1.329021089
1104	1995.872596	944.2664658	33.09431881	1.305561776
1105	2090.291487	985.3188649	32.60869565	1.374919745
1107	1999.320602	941.8708221	33.09431881	1.307601716
1109	1977.517631	969.0888079	32.27541689	1.332080999
1111	1913.442322	955.7899006	32.32758621	1.275982642
1113	1850.169365	908.1621802	31.64556962	1.248443448
1114	1960.255211	897.2399197	34.76245655	1.167865807
1116	2164.9543	997.5426458	34.82298317	1.243343597
1118	2214.452321	1017.872121	35.44004725	1.26578294
1120	2204.251905	1079.731428	33.84094755	1.373899775
1122	1886.90546	965.6751048	31.4795383	1.352480402
1124	1892.803155	992.2191759	31.81336161	1.34024076
1126	1798.839752	910.7948676	29.42618931	1.334120939
1127	1751.741556	879.6521581	33.35186215	1.162765956
1129	1665.128714	829.5658306	32.37992445	1.135226763
1131	1738.292972	858.808251	36.900369	1.0383296
1132	1966.130538	918.7811038	34.90401396	1.142366554
1134	2050.419043	981.9633614	34.22703936	1.219884284
1137	2040.492425	1011.482357	30.3183426	1.359620193
1139	1932.721255	1000.620862	27.91996277	1.418778461
1141	1997.894478	1019.446696	27.52293578	1.429998132
1143	1969.05429	981.7158326	27.70083102	1.399399028
1144	2017.368245	974.3771339	32.39740821	1.238243747
1146	2003.38569	973.0689826	33.35186215	1.219884284
1149	2046.109851	1005.571187	32.32758621	1.267822881
1151	1983.625812	952.3052102	29.46954813	1.330041059
1153	1894.396832	937.2161213	28.76318313	1.345340611
1155	1878.759783	915.1581893	29.86560478	1.285162373
1157	1989.169148	1011.120992	28.22201317	1.423878311
1159	2014.324511	1006.350452	29.41176471	1.372879805
1161	1933.32975	977.3140682	30.0150075	1.34126073
1162	1855.036575	936.6778613	33.72681282	1.210704553
1164	1957.471186	928.8233836	33.22259136	1.231103956
1167	1799.037664	894.2903122	29.3255132	1.224984135
1169	1779.50692	900.882674	26.01908066	1.358600223
1171	1793.141773	955.8678613	26.7141585	1.387159387
1173	2065.293676	1057.447627	31.36434919	1.41265864
1175	2081.275111	1032.314233	32.60869565	1.353500372
1177	2012.459332	1020.055154	32.03416978	1.362680103
1178	2050.016578	1036.548429	30.94378546	1.391239267
1181	2095.879641	1055.673017	30.47232098	1.41163867
1183	2228.337532	1108.761611	29.65892239	1.478956699
1184	1986.269336	1011.104317	31.05590062	1.33616088
1186	1823.891265	1011.946279	30.83247688	1.323921238
1189	1506.05356	935.278977	29.86560478	1.250483388
1191	1669.432897	1007.921483	27.37226277	1.390219297
1193	1838.651687	1096.897611	27.07581227	1.470796938
1195	1979.934611	1075.572302	27.82931354	1.441217804
1197	1962.067995	1063.035069	29.76190476	1.375939715
1199	1829.945917	979.3520503	32.10272873	1.26680291
1200	1903.898869	954.2018233	35.94967046	1.178065508
1202	2061.121249	999.0498924	36.45200486	1.238243747
1204	2011.921615	929.8867418	34.30531732	1.283122433
1206	2040.861177	983.6281319	31.88097768	1.392259237
1208	1878.908722	919.7992691	29.91026919	1.388179357
1210	2033.404366	994.3109903	32.27541689	1.356560282
1211	2021.302304	1019.724211	32.67973856	1.352480402
1213	2066.089791	1010.769167	37.73584906	1.215804404
1216	1697.360134	858.546797	29.08385846	1.198464911
1218	1620.329951	815.9566623	28.35538752	1.170925717
1220	1639.802013	865.413558	25.3164557	1.306581746
1222	1695.191433	914.3695044	29.80625931	1.272922731
1226	1157.148128	678.8510441	21.15655853	1.197444941
1228	1432.655356	762.8187916	22.62443439	1.19234509
1230	1676.81736	826.0823449	23.11248074	1.275982642
1231	2827.604671	1278.21959	34.36426117	1.443257744
1233	2332.732224	1104.140837	35.16998828	1.347380551
1235	2215.476394	1085.67862	36.23188406	1.329021089
1237	1909.932083	950.9654858	34.82298317	1.289242253
1239	1853.959276	914.7051394	31.31524008	1.34126073
1241	1781.317457	891.22747	30.10536879	1.317801417
1242	1859.792146	903.056716	31.25	1.257623179
1244	2116.791951	1019.378714	32.93084523	1.312701567
1246	2205.494193	1013.057381	35.31489111	1.26578294
1247	2146.370004	1027.893152	35.23194363	1.300461925
1250	1765.978526	901.4369486	30.94378546	1.282102462
1253	1520.417275	837.3044795	23.05032655	1.334120939
1256	1791.005216	920.1493542	22.25519288	1.4106187
1260	1669.099341	860.0510172	18.58160421	1.418778461
1261	2034.825096	989.3114797	22.42152466	1.469776968
1264	1805.403076	937.7973662	22.25519288	1.449377565
1266	2221.90058	1119.000587	28.80460874	1.492216311
1268	1927.983941	1006.727537	27.49770852	1.461617207
1270	1902.950245	1002.999428	27.66251729	1.449377565
1272	1520.527728	906.3372799	28.27521206	1.331061029
1274	1858.213937	1095.353248	30.47232098	1.403478909
1275	1934.338754	1082.966349	36.23188406	1.230083985
1277	2171.840027	1132.263076	35.50295858	1.307601716
1279	1837.787374	948.683128	32.78688525	1.247423478
1281	1735.66076	928.8064581	29.65892239	1.307601716
1282	1328.909727	932.309307	41.40786749	0.928172825
1284	1288.860498	909.8634538	41.01161996	0.902673571
1286	1130.359382	911.5919217	39.4218134	0.926132885
1287	1668.082241	940.5338805	31.81336161	1.19336506
1289	1674.339547	892.5816436	32.55561584	1.144406494
1291	2026.102331	990.4443493	33.16749585	1.227024075
1293	2176.349543	1006.341305	32.73322422	1.300461925
1295	2243.86935	1055.716993	32.85870756	1.397359088
1297	2099.730647	989.062221	32.85870756	1.356560282
1299	1888.126501	957.844463	30.10536879	1.375939715
1301	1797.03767	921.0876501	29.80625931	1.324941208
1303	1809.649478	931.3483978	30.21148036	1.309641656
1304	1956.982459	967.6832092	32.44997296	1.280062522
1306	2059.52712	973.1754606	35.23194363	1.216824374
1308	2018.125328	933.2935217	34.36426117	1.213764463
1310	1770.548799	879.3191656	31.64556962	1.234163866
1312	1775.290337	916.1606682	30.67484663	1.26170306
1314	1775.878283	956.1354256	29.46954813	1.309641656
1316	1805.963415	1072.701693	29.22552362	1.368799924
1318	1834.036797	1104.696437	29.6735905	1.364720044
1320	1910.68031	1089.323569	31.4795383	1.291282194
1323	1828.828059	934.7109395	25.39145154	1.273942701
1325	2007.357077	991.9451896	24.97918401	1.393279207
1327	2016.922691	1014.543262	24.66091245	1.476916759
1329	2198.102608	1070.313092	31.64556962	1.443257744
1331	2063.067525	1003.059423	31.98294243	1.396339118
1333	1844.875095	910.5641171	30.6122449	1.346360581
1335	1916.259084	953.2383222	31.15264798	1.331061029
1336	1991.221554	963.1414959	32.27541689	1.281082492
1338	2120.45507	989.2615296	35.25264395	1.227024075
1340	1955.934108	917.0315185	33.11258278	1.238243747
1342	1860.683342	915.3396868	31.36434919	1.292302164
1344	2008.098801	1020.22725	29.04162633	1.443257744
1346	2042.437787	1003.964163	29.46954813	1.422858341
1348	1937.45356	934.5440607	28.12939522	1.41265864
1351	1896.905371	918.1192752	27.95899348	1.403478909
1353	1982.451424	1041.566444	26.01908066	1.542194847
1355	2147.840035	1112.838261	26.86968204	1.63399216
1357	2121.838151	1096.646778	27.2851296	1.63705207
1360	1384.070071	674.4155037	27.73925104	1.103607688
1361	1504.506339	799.8274197	29.61500494	0.980191302
1363	1480.45249	769.7627505	30.06012024	0.926132885
1365	2585.522782	1346.28244	34.56221198	1.40959873
1367	2427.797669	1195.994076	31.86404673	1.506495893
1369	2564.363969	1263.332901	31.52916448	1.573813922
1371	2479.854566	1196.526372	29.55665025	1.608492906
1373	2136.901223	1126.970089	29.28257687	1.570754011
1375	1917.853551	1067.873966	29.1403594	1.513635684
1377	1751.415971	1004.139636	28.94356006	1.449377565
1379	1965.383941	1023.024522	29.1403594	1.453457445
1383	1724.453525	940.7917388	21.80232558	1.502416012
1385	1940.485974	1024.591987	21.84996358	1.588093504
1387	2027.98804	1061.915311	21.87386074	1.617672638
1389	2450.37857	1214.414483	29.38295788	1.575853862
1391	2129.405086	1090.920278	29.76190476	1.463657147
1393	2147.442654	1117.783819	31.4300681	1.41265864
1395	2109.376508	1095.56647	30.99173554	1.424898282
1397	2220.742428	1121.421335	31.03983445	1.468756998
1399	2130.180804	1077.87949	30.67484663	1.458557296
1401	2144.638935	1070.736431	30.62787136	1.417758491
1403	2197.077774	1072.358152	30.21148036	1.406538819
1405	2157.412258	1026.454945	29.55665025	1.372879805
1407	2131.1819	1032.043608	28.94356006	1.397359088
1410	2001.575751	1000.401601	28.5850405	1.372879805
1412	2200.696689	1143.193277	27.73925104	1.515675624
1414	2103.367427	1093.337895	28.08988764	1.475896788
1416	2107.962806	1140.698617	27.70083102	1.580953713
1418	1826.319914	990.1865726	28.49002849	1.476916759
1420	1894.842349	1039.505937	29.26829268	1.524855355
1422	1791.577631	974.2888653	30.45685279	1.439177864
1424	1620.74647	923.3073309	29.04162633	1.426938222
1428	1277.447019	795.4331058	21.87386074	1.4891564
1430	1193.77897	726.3536802	21.84996358	1.388179357
1432	1189.580803	690.6971624	23.02379125	1.308621686
1434	1303.863231	662.7179259	31.57894737	1.109727509
1436	1284.016113	651.7270288	33.46346905	1.064848823
1437	1234.384718	623.8767022	34.24657534	1.010790406
1439	1314.141438	663.4188009	33.70786517	1.04444942
1441	1338.451696	659.4520449	32.15434084	1.058729002
1443	1335.20814	655.570383	30.88008235	1.064848823
1445	1256.504053	626.9076271	30.27245207	1.04138951
1447	1344.557998	693.9178693	30.51881994	1.085248226
1449	1454.829275	772.5577377	30.36437247	1.161745986
1451	1511.879161	789.6924549	30.06012024	1.185205299
1453	1282.103994	645.0626351	29.22552362	1.04342945
1455	1225.606736	625.4310433	28.53067047	1.04444942
1457	1044.621426	518.8752506	29.36857562	0.934292646
1459	1183.75427	600.2703722	30.88008235	1.012830346
1461	1054.660982	505.5081246	32.50270856	0.908793392
1462	1087.440687	534.2781058	34.64203233	0.885334079
1467	1078.700725	618.9740488	23.3553912	1.04138951
1469	1166.227635	646.2214232	21.82611859	1.070968644
1472	1339.392154	747.8998826	19.27401221	1.274962671
1474	1580.122619	819.5805112	23.80952381	1.26068309
1477	1423.53693	752.1176292	21.89781022	1.278022582
1480	1303.916261	672.5979622	22.14839424	1.227024075
1482	1136.912428	574.1358303	23.22880372	1.11788727
1485	1216.827851	621.6449942	24.09638554	1.194385031
1487	1127.613406	558.8086396	26.36203866	1.067908734
1489	1090.935996	567.6122383	25.46689304	1.110747479
1491	1033.379396	546.7842665	27.35978112	1.03730963
1494	1073.641342	600.5893354	26.4084507	1.130126912
1496	1028.653956	641.7611721	27.57352941	1.135226763
1498	963.9808306	605.8909707	28.35538752	1.085248226
1500	912.5206749	564.2930928	28.03738318	1.060768943
1502	866.9342107	462.5029081	27.19854941	0.96795166
1505	856.1296337	452.7887738	25.83979328	0.96591172
1507	962.2861979	508.0688317	25.64102564	1.009770436
1509	931.3301317	467.4664946	25.82866982	0.960811869
1512	867.952795	437.1188796	24.600246	0.946532287
1515	627.3575694	319.6411847	23.13922098	0.791496826
1517	695.3175294	361.5355916	22.78769464	0.839435423
1520	675.8427065	348.1811487	23.5386426	0.805776408
1522	757.8904838	370.8632405	23.81897578	0.865954646
1524	597.2905152	277.9132311	25	0.716019036
1526	802.1696656	388.9468736	27.16161159	0.799656588
1529	900.9797517	457.9808122	27.14932127	0.847595184
1532	988.9948487	503.8003259	24.03846154	0.987331093
1535	875.2939894	449.8322215	20.55498458	1.000590705
1538	878.0878486	425.4716392	20.71823204	0.96897163
1540	932.8456269	439.9274871	22.59036145	0.933272676
1542	1034.829373	505.9591018	25.46689304	0.978151362
1545	1154.69279	576.9651769	24.77291495	1.082188316
1548	1199.887934	627.1758406	23.11248074	1.18928518
1550	835.2663498	398.1955393	22.01027146	0.856774915
1551	669.822219	342.0450465	28.68068834	0.59566256
1553	548.3657165	241.2113197	31.03983445	0.492645576
1556	865.0712195	397.5685589	33.11258278	0.683379992
1558	1042.677658	441.3875473	25.71795971	0.887374019
1560	1098.625149	450.6027973	25.94033722	0.89553378
1562	1320.871839	554.1261129	27.37226277	0.979171332
1564	1170.147379	466.1979111	30.3183426	0.883294139
1566	1202.001983	484.5971516	31.4795383	0.884314109
1568	1025.449839	384.162976	31.59557662	0.785377006
1570	1060.753855	395.7381067	31.93187866	0.772117394
1572	1053.591433	421.1784491	31.20124805	0.788436916
1574	1071.631781	434.4108825	30.83247688	0.803736468
1576	971.6894325	401.1633838	31.4795383	0.793536767
1578	825.4060035	332.3535804	29.57121735	0.732338558
1580	912.9006171	383.6356686	30.0150075	0.763957633
1582	867.5773323	364.4890449	26.24671916	0.789456886
1585	1189.158152	548.2034846	24.36053593	1.011810376
1590	916.7240626	452.911682	18.00720288	1.04342945
1592	1042.668121	519.0871405	18.00180018	1.1168673
1595	998.2928408	490.3563502	18.89168766	1.048529301
1598	1398.845482	683.888201	22.39641657	1.217844344
1601	1258.807968	632.9838805	20.76124567	1.243343597
1603	1100.999867	545.882678	21.23142251	1.162765956
1606	892.2615262	427.9735978	22.67573696	1.024050018
1608	995.275797	493.3745958	24.70152326	1.050569241
1610	1038.612546	526.5387006	25.65198803	1.04444942
1613	1005.786348	525.7880696	25.57544757	1.004670585
1616	787.6774652	413.9614407	24.10606669	0.933272676
1618	744.1996921	405.2936937	22.76176024	0.974071481
1621	768.0658173	425.0986747	23.41006633	1.005690555
1623	909.7391714	500.7876084	26.31578947	1.009770436
1625	940.0751778	509.5415548	25.46689304	1.033229749
1628	845.0160108	445.5004493	24.67105263	0.972031541
1630	809.8774174	417.8048218	24.87562189	0.958771929
1632	860.7663652	459.8488989	26.20087336	0.988351063
1635	883.016158	491.544696	24.96878901	1.056689062
1638	762.566776	435.3672504	22.99731698	1.011810376
1640	629.7661227	328.1885371	23.29192547	0.864934676
1642	628.6045671	312.4793043	24.29149798	0.81495614
1645	769.4572733	393.7006287	23.5941801	0.913893243
1648	800.6080193	425.2315211	22.67573696	0.955712019
1650	809.5902304	417.6253926	22.84843869	0.938372526
1653	638.0549345	307.5176489	23.81897578	0.776197274
1656	572.9042688	272.5420143	22.96211251	0.734378499
1659	640.6744002	310.8016571	21.40563682	0.81699608
1661	800.1997758	407.4611133	21.32954141	0.96387178
1664	962.9919996	491.7248954	22.05882353	1.071988614
1666	1026.542703	521.8181625	24.40016267	1.051589211
1669	682.0237732	331.7704445	23.72479241	0.772117394
1671	941.4206738	509.3934727	27.07581227	0.798636617
1673	930.335451	516.8899934	25.76212967	0.778237215
1676	1282.485845	710.9733904	26.67852379	1.030169839
1677	921.7626083	462.1158829	26.01908066	0.867994587
1680	858.3197404	404.9928603	27.53556677	0.823115901
1682	939.8660995	417.6977996	28.8184438	0.802716498
1684	879.3264383	386.2362094	27.39726027	0.801696528
1686	826.0723069	359.3581704	28.7218765	0.74559817
1688	726.4063747	313.3927724	28.5850405	0.698679544
1691	931.8082837	438.9960702	25.61912895	0.883294139
1708	1133.457735	528.600854	23.29192547	1.03730963
1711	1361.810456	638.6003924	22.42152466	1.199484881
1714	1402.302242	658.6741894	21.77068215	1.233143896
1717	1286.358643	631.4569931	20.5338809	1.275982642
1720	1034.3539	528.5429583	18.92744479	1.220904254
1724	843.7107041	452.2433655	18.44451276	1.127067002
1730	578.9266648	355.4935588	13.36302895	1.184185329
1733	608.4907241	372.9142657	14.48225923	1.131146882
1735	658.3280758	397.4051848	15.40041068	1.135226763
1738	1041.95624	532.4379126	23.84737679	1.035269689
1740	1168.271217	595.2634966	24.10606669	1.104627659
1742	1184.968567	571.1386983	26.9541779	1.009770436
1744	1003.263611	488.8198178	30.15075377	0.842495333
1747	821.5747787	389.9914117	27.57352941	0.797616647
1749	716.7112393	353.7616932	24	0.800676558
1752	852.3063751	415.0418091	22.79635258	0.914913213
1754	707.6050487	330.4282906	25.35925613	0.747638111
1757	638.4811825	302.9672319	25.32714225	0.705819335
1759	470.012664	209.0039333	24.70152326	0.589542739
