810.000000 1537.339831 711.822533 48.000000 0.808848 
811.000000 1205.814357 654.556387 37.735849 0.946546 
813.000000 1310.361695 620.101816 48.387097 0.739489 
814.000000 1187.595714 664.308543 54.054054 0.736429 
815.000000 996.924839 608.753418 48.000000 0.747649 
817.000000 1213.408536 727.492364 31.746032 1.162782 
818.000000 1235.921990 636.223984 39.473684 0.911866 
820.000000 1865.598778 1030.619824 33.333333 1.593216 
822.000000 1602.944729 859.053660 39.473684 1.208682 
824.000000 1341.463389 853.171689 25.641026 1.620755 
826.000000 943.151238 527.118557 25.641026 1.108723 
828.000000 1006.714143 744.375884 34.482759 1.058744 
830.000000 933.674465 569.552885 30.456853 1.001625 
831.000000 980.261772 558.372590 45.801527 0.767028 
833.000000 1551.527990 755.012408 56.074766 0.874127 
834.000000 885.946159 447.510159 46.875000 0.659930 
835.000000 807.822785 395.734573 37.267081 0.702769 
837.000000 926.016733 506.013351 30.303030 0.910846 
838.000000 285.277641 119.460741 71.428571 0.216237 
840.000000 954.856012 462.574662 40.000000 0.686450 
841.000000 1233.600954 658.182256 44.444444 0.820068 
843.000000 957.748670 496.063041 42.253521 0.744589 
844.000000 754.961239 410.790685 48.387097 0.588531 
845.000000 948.774323 559.501086 37.974684 0.844547 
847.000000 1322.482965 832.599040 28.571429 1.294360 
849.000000 1042.103619 470.544322 32.432432 0.841487 
851.000000 1340.870102 758.187098 42.253521 0.920026 
852.000000 454.555109 199.697734 52.631579 0.382494 
853.000000 909.036527 456.996943 52.173913 0.594651 
857.000000 702.491728 402.502774 14.669927 0.926146 
858.000000 997.592046 375.717680 51.282051 0.500812 
860.000000 1133.819040 488.461622 37.267081 0.799668 
861.000000 1259.479399 691.492075 51.282051 0.631370 
862.000000 643.210137 202.197029 49.180328 0.396774 
864.000000 2169.442853 1063.360107 38.709677 1.260701 
865.000000 1131.457348 584.600415 38.216561 0.848627 
867.000000 1340.435779 788.025007 43.165468 0.953686 
868.000000 946.726217 559.893371 42.253521 0.814968 
870.000000 1407.495000 681.739388 29.556650 1.216842 
872.000000 1213.093488 589.187976 42.253521 0.829247 
873.000000 1106.552836 613.240705 37.267081 0.966945 
875.000000 1036.431947 581.473523 34.482759 0.967965 
877.000000 1348.879232 836.264710 33.898305 1.237241 
878.000000 982.042452 501.456448 37.735849 0.801708 
880.000000 1260.214369 605.725617 36.144578 0.987345 
882.000000 1735.682108 1035.991985 33.519553 1.566696 
884.000000 1103.224937 547.111562 31.088083 1.118923 
885.000000 43.641856 0.000000 68.181818 0.108118 
887.000000 554.099976 504.998593 29.411765 0.880247 
889.000000 669.746718 368.045724 21.978022 0.751729 
891.000000 1102.698856 585.262515 49.180328 0.651770 
893.000000 1577.562176 836.325719 24.896266 1.485097 
894.000000 144.540449 28.118413 63.157895 0.210117 
896.000000 1585.257098 741.295734 38.461538 0.999585 
897.000000 1930.594791 916.406832 33.707865 1.261721 
899.000000 1066.127152 500.577724 45.112782 0.677270 
900.000000 1761.620835 897.207818 37.267081 1.228061 
902.000000 2232.231836 1052.505414 36.809816 1.499377 
903.000000 1982.459340 989.286696 43.165468 1.221941 
904.000000 881.170171 559.832123 51.724138 0.750709 
907.000000 1010.245597 542.091305 26.785714 1.048544 
908.000000 842.825618 406.427903 38.461538 0.698689 
910.000000 1437.932354 708.941438 43.795620 0.880247 
911.000000 619.793221 301.255184 52.631579 0.518152 
912.000000 1429.688098 631.007037 40.540541 1.030184 
913.000000 1212.634095 652.498718 46.511628 0.832307 
915.000000 583.748350 196.671435 41.379310 0.497752 
916.000000 954.469047 346.650736 58.823529 0.482453 
918.000000 650.376527 306.825517 35.294118 0.584451 
919.000000 195.186071 50.187245 34.285714 0.336595 
920.000000 188.317730 31.733553 61.224490 0.265196 
922.000000 620.019488 200.153086 42.553191 0.447773 
923.000000 728.789964 316.510433 45.112782 0.476333 
924.000000 1062.325526 396.578345 44.117647 0.573231 
926.000000 944.538117 403.916858 35.928144 0.626270 
928.000000 874.258379 340.637131 35.714286 0.602811 
930.000000 618.581011 247.358353 34.090909 0.483473 
931.000000 1400.414586 588.516462 36.363636 0.770088 
933.000000 937.681318 402.155500 39.215686 0.617091 
934.000000 843.564196 314.782904 36.144578 0.551812 
936.000000 974.022305 378.173246 36.144578 0.596691 
938.000000 1926.607985 745.580706 34.883721 0.941446 
941.000000 1796.698290 787.114292 20.689655 1.318840 
942.000000 3066.585489 1464.042689 37.735849 1.603416 
944.000000 2153.678313 876.437852 36.585366 1.279061 
945.000000 2113.590957 889.565425 40.000000 1.265801 
947.000000 1423.488817 619.325333 43.795620 0.920026 
948.000000 823.579304 409.450703 40.816327 0.715009 
950.000000 1186.481140 625.494354 36.585366 0.948586 
952.000000 1261.684401 691.921224 37.974684 1.023044 
953.000000 1233.108758 694.551515 37.037037 0.963885 
955.000000 1295.882193 683.379123 35.294118 1.067924 
956.000000 1346.957653 586.243368 36.809816 0.982245 
959.000000 1295.393144 717.680567 23.255814 1.220921 
961.000000 1628.265812 822.408436 32.085561 1.338220 
963.000000 1565.061691 805.562762 35.928144 1.260701 
964.000000 1281.034901 784.252920 37.735849 1.217862 
968.000000 994.738332 641.137721 17.647059 1.843112 
970.000000 649.141414 359.931296 27.649770 0.764988 
972.000000 1497.352988 897.467433 33.707865 1.464698 
