427.000000 2303.128450 1482.749077 45.801527 1.227041 
428.000000 1892.158577 1205.556378 53.097345 0.933286 
429.000000 2202.000052 1333.374462 40.540541 1.267841 
432.000000 1527.642361 991.657120 23.715415 1.250501 
433.000000 3320.262505 1954.869524 50.420168 1.383099 
434.000000 1755.397507 1131.725896 51.724138 0.914926 
435.000000 1918.480703 1114.449996 51.282051 0.883307 
437.000000 1957.762480 1231.197236 48.780488 1.024064 
438.000000 2074.612185 1266.704560 48.780488 1.047524 
439.000000 1806.315433 1254.761163 50.000000 1.084244 
440.000000 2052.973032 1316.765821 46.511628 1.127083 
441.000000 1516.311565 977.700126 56.074766 0.822108 
443.000000 1598.527684 987.598165 50.847458 0.859847 
444.000000 1989.499311 1174.607988 51.724138 1.010805 
445.000000 2059.552420 1301.770455 43.795620 1.231121 
447.000000 1890.634070 1229.854829 42.857143 1.097503 
448.000000 2075.711077 1244.891937 52.631579 0.974085 
449.000000 2051.538840 1180.171135 53.571429 0.975105 
450.000000 2121.045224 1334.476378 50.847458 1.046504 
451.000000 1933.892549 1251.195682 53.571429 0.973065 
452.000000 2356.435798 1469.971153 53.097345 1.083224 
453.000000 1568.596969 1007.712465 52.173913 0.885347 
455.000000 2027.874333 1183.592594 50.000000 0.975105 
456.000000 2282.447678 1393.493309 47.619048 1.164822 
457.000000 1965.468396 1277.812570 45.454545 1.177062 
458.000000 1004.811100 578.810851 49.180328 0.624231 
460.000000 1908.792885 1088.126019 41.958042 1.040384 
461.000000 1830.222782 1101.615871 47.619048 0.973065 
462.000000 2212.318237 1356.646867 51.724138 1.030184 
463.000000 2121.164532 1322.625418 51.724138 1.033244 
465.000000 2355.476101 1410.192751 50.000000 1.092403 
466.000000 2085.025841 1243.176185 51.724138 0.974085 
467.000000 2072.525163 1134.653690 51.282051 0.909826 
468.000000 1645.347959 988.804925 50.420168 0.850667 
469.000000 2183.065227 1222.423271 50.420168 0.965925 
470.000000 2753.609405 1676.001401 52.173913 1.192362 
472.000000 2100.188358 1245.218455 50.847458 1.005705 
473.000000 2034.797028 1238.762103 43.165468 1.180122 
474.000000 1619.479457 1045.806507 44.444444 1.022024 
476.000000 2264.350285 1500.984491 43.165468 1.316800 
477.000000 1348.508067 1090.079674 45.454545 0.979185 
479.000000 2110.052898 1378.045237 40.000000 1.297420 
480.000000 1893.165495 1191.267097 50.000000 1.063844 
481.000000 2185.320822 1318.457529 51.724138 1.079144 
482.000000 2235.129310 1405.763778 50.847458 1.065884 
483.000000 2180.359101 1377.174866 52.631579 1.050584 
484.000000 2154.602179 1234.185424 52.631579 0.965925 
486.000000 1747.368201 1120.072356 50.000000 0.937366 
487.000000 1841.050106 1164.942282 54.054054 0.891466 
488.000000 1712.624606 987.892560 58.252427 0.740509 
489.000000 2980.403922 1891.353890 49.586777 1.353519 
490.000000 1702.794619 1034.085757 57.692308 0.817008 
491.000000 2117.834409 1260.039883 48.780488 1.061804 
493.000000 2284.080887 1577.284962 46.153846 1.387179 
495.000000 1333.433696 944.303416 24.691358 1.208682 
496.000000 2118.813612 1423.935456 46.875000 1.209702 
498.000000 2416.961515 1566.080710 45.112782 1.338220 
499.000000 2318.833053 1494.335311 43.165468 1.359639 
500.000000 2410.432117 1616.132773 44.117647 1.424918 
502.000000 1704.558168 1159.376792 41.958042 1.151563 
503.000000 2151.978427 1401.287473 43.478261 1.288240 
504.000000 1564.656892 1048.382141 53.097345 0.856787 
506.000000 1907.128074 1235.098780 40.268456 1.216842 
507.000000 1556.040696 1037.723143 49.586777 0.873107 
508.000000 2039.772027 1329.597755 49.586777 1.057724 
510.000000 1771.653052 1153.861944 44.776119 1.038344 
511.000000 2174.521809 1510.481839 40.000000 1.424918 
512.000000 1429.312674 966.940755 46.875000 0.919006 
514.000000 1820.591932 1178.937981 44.776119 1.065884 
515.000000 2147.054939 1250.937123 50.420168 0.982245 
516.000000 1883.571366 1202.287436 49.180328 1.037324 
517.000000 2006.456068 1204.826892 57.692308 0.874127 
518.000000 2051.120434 1223.733927 54.054054 0.929206 
519.000000 1636.971057 971.788289 53.097345 0.817008 
520.000000 2030.799718 1218.732159 53.097345 0.951646 
522.000000 1680.542715 972.091523 53.097345 0.813948 
523.000000 1787.491817 1060.329096 53.571429 0.854747 
524.000000 1879.583750 1180.497720 53.571429 0.878207 
525.000000 2083.373733 1210.103146 51.282051 0.951646 
526.000000 2178.319372 1196.536816 50.420168 0.974085 
527.000000 1889.877037 1102.117613 49.586777 0.901666 
529.000000 1654.089290 1018.180806 44.776119 0.929206 
530.000000 1813.636303 1123.927161 50.420168 0.897586 
531.000000 1956.894751 1214.648052 45.112782 1.023044 
534.000000 1634.345254 1037.407775 23.809524 1.265801 
535.000000 2522.026827 1493.862533 42.857143 1.225001 
536.000000 1999.027510 1202.053200 48.387097 0.933286 
538.000000 1796.479547 1124.524471 44.776119 0.975105 
539.000000 2301.057848 1448.377521 39.735099 1.315780 
541.000000 2163.500213 1244.378562 36.809816 1.199502 
542.000000 1122.898089 1073.905297 40.816327 1.047524 
544.000000 2186.682748 1439.389872 42.857143 1.256621 
545.000000 2077.953494 1252.531852 41.958042 1.147483 
547.000000 1951.990365 1222.896714 35.714286 1.212762 
548.000000 1900.543556 1163.634733 50.000000 0.933286 
549.000000 1962.290812 1207.040211 50.000000 0.934306 
551.000000 2161.249076 1275.121544 46.511628 1.060784 
552.000000 1906.737127 1211.090488 48.780488 1.057724 
554.000000 2327.542154 1518.430297 35.502959 1.689094 
555.000000 1565.730734 1002.478965 41.379310 1.115863 
